0,1,2,3,4,5,6,7,8,9,10,11,12,13,14,15,16,17,18,19,20,21,22,23,24,25,26,27,28,29,30,31,32,33,34,35,36,37,38,39,40,41,42,43,44,45,46,47,48,49,50,51,52,53,54,55,56,57,58,59,60,61,62,63,64,65,66,67,68,69,70,71,72,73,74,75,76,77,78,79,80,81,82,83,84,85
0.0,0.0,0.0,0.0,0.0,0.0,0.0,0.0,0.0,0.0,0.0,0.0,0.0,0.0,0.0,0.0,0.0,0.0,0.0,0.0,0.0,0.0,0.0,0.0,0.0,0.0,0.0,0.0,0.0,0.0,0.0,0.0,0.0,0.0,0.0,0.0,0.0,0.0,0.0,0.0,0.0,0.0,0.0,0.0,0.0,0.0,0.0,0.0,0.0,0.0,0.0,0.0,0.0,0.0,0.0,0.0,0.0,0.0,0.0,0.0,0.0,0.0,0.0,0.0,0.0,0.0,0.0,0.0,0.0,0.0,0.0,0.0,0.0,0.0,0.0,0.0,0.0,0.0,0.0,0.0,0.0,0.0,0.0,0.0,0.0,0.0
0.0,0.0,0.0,0.0,0.0,0.0,0.0,0.0,0.0,0.0,0.0,0.0,0.0,0.0,0.0,0.0,0.0,0.0,0.0,0.0,0.0,0.0,0.0,0.0,0.0,0.0,0.0,0.0,0.0,0.0,0.0,0.0,0.0,0.0,0.0,0.0,0.0,0.0,0.0,0.0,0.0,0.0,0.0,0.0,0.0,0.0,0.0,0.0,0.0,0.0,0.0,0.0,0.0,0.0,0.0,0.0,0.0,0.0,0.0,0.0,0.0,0.0,0.0,0.0,0.0,0.0,0.0,0.0,0.0,0.0,0.0,0.0,0.0,0.0,0.0,0.0,0.0,0.0,0.0,0.0,0.0,0.0,0.0,0.0,0.0,0.0
0.0,0.0,0.0,0.0,0.0,0.0,0.0,0.0,0.0,0.0,0.0,0.0,0.0,0.0,0.0,0.0,0.0,0.0,0.0,0.0,0.0,0.0,0.0,0.0,0.0,0.0,0.0,0.0,0.0,0.0,0.0,0.0,0.0,0.0,0.0,0.0,0.0,0.0,0.0,0.0,0.0,0.0,0.0,0.0,0.0,0.0,0.0,0.0,0.0,0.0,0.0,0.0,0.0,0.0,0.0,0.0,0.0,0.0,0.0,0.0,0.0,0.0,0.0,0.0,0.0,0.0,0.0,0.0,0.0,0.0,0.0,0.0,0.0,0.0,0.0,0.0,0.0,0.0,0.0,0.0,0.0,0.0,0.0,0.0,0.0,0.0
0.0,0.0,0.0,0.0,0.0,0.0,0.0,0.0,0.0,0.0,0.0,0.0,0.0,0.0,0.0,0.0,0.0,0.0,0.0,0.0,0.0,0.0,0.0,0.0,0.0,0.0,0.0,0.0,0.0,0.0,0.0,0.0,0.0,0.0,0.0,0.0,0.0,0.0,0.0,0.0,0.0,0.0,0.0,0.0,0.0,0.0,0.0,0.0,0.0,0.0,0.0,0.0,0.0,0.0,0.0,0.0,0.0,0.0,0.0,0.0,0.0,0.0,0.0,0.0,0.0,0.0,0.0,0.0,0.0,0.0,0.0,0.0,0.0,0.0,0.0,0.0,0.0,0.0,0.0,0.0,0.0,0.0,0.0,0.0,0.0,0.0
0.0,0.0,0.0,0.0,0.0,0.0,0.0,0.0,0.0,0.0,0.0,0.0,0.0,0.0,0.0,0.0,0.0,0.0,0.0,0.0,0.0,0.0,0.0,0.0,0.0,0.0,0.0,0.0,0.0,0.0,0.0,0.0,0.0,0.0,0.0,0.0,0.0,0.0,0.0,0.0,0.0,0.0,0.0,0.0,0.0,0.0,0.0,0.0,0.0,0.0,0.0,0.0,0.0,0.0,0.0,0.0,0.0,0.0,0.0,0.0,0.0,0.0,0.0,0.0,0.0,0.0,0.0,0.0,0.0,0.0,0.0,0.0,0.0,0.0,0.0,0.0,0.0,0.0,0.0,0.0,0.0,0.0,0.0,0.0,0.0,0.0
0.0,0.0,0.0,0.0,0.0,0.0,0.0,0.0,0.0,0.0,0.0,0.0,0.0,0.0,0.0,0.0,0.0,0.0,0.0,0.0,0.0,0.0,0.0,0.0,0.0,0.0,0.0,0.0,0.0,0.0,0.0,0.0,0.0,0.0,0.0,0.0,0.0,0.0,0.0,0.0,0.0,0.0,0.0,0.0,0.0,0.0,0.0,0.0,0.0,0.0,0.0,0.0,0.0,0.0,0.0,0.0,0.0,0.0,0.0,0.0,0.0,0.0,0.0,0.0,0.0,0.0,0.0,0.0,0.0,0.0,0.0,0.0,0.0,0.0,0.0,0.0,0.0,0.0,0.0,0.0,0.0,0.0,0.0,0.0,0.0,0.0
0.0,0.0,0.0,0.0,0.0,0.0,0.0,0.0,0.0,0.0,0.0,0.0,0.0,0.0,0.0,0.0,0.0,0.0,0.0,0.0,0.0,0.0,0.0,0.0,0.0,0.0,0.0,0.0,0.0,0.0,0.0,0.0,0.0,0.0,0.0,0.0,0.0,0.0,0.0,0.0,0.0,0.0,0.0,0.0,0.0,0.0,0.0,0.0,0.0,0.0,0.0,0.0,0.0,0.0,0.0,0.0,0.0,0.0,0.0,0.0,0.0,0.0,0.0,0.0,0.0,0.0,0.0,0.0,0.0,0.0,0.0,0.0,0.0,0.0,0.0,0.0,0.0,0.0,0.0,0.0,0.0,0.0,0.0,0.0,0.0,0.0
0.0,0.0,0.0,0.0,0.0,0.0,0.0,0.0,0.0,0.0,0.0,0.0,0.0,0.0,0.0,0.0,0.0,0.0,0.0,0.0,0.0,0.0,0.0,0.0,0.0,0.0,0.0,0.0,0.0,0.0,0.0,0.0,0.0,0.0,0.0,0.0,0.0,0.0,0.0,0.0,0.0,0.0,0.0,0.0,0.0,0.0,0.0,0.0,0.0,0.0,0.0,0.0,0.0,0.0,0.0,0.0,0.0,0.0,0.0,0.0,0.0,0.0,0.0,0.0,0.0,0.0,0.0,0.0,0.0,0.0,0.0,0.0,0.0,0.0,0.0,0.0,0.0,0.0,0.0,0.0,0.0,0.0,0.0,0.0,0.0,0.0
0.0,0.0,0.0,0.0,0.0,0.0,0.0,0.0,0.0,0.0,0.0,0.0,0.0,0.0,0.0,0.0,0.0,0.0,0.0,0.0,0.0,0.0,0.0,0.0,0.0,0.0,0.0,0.0,0.0,0.0,0.0,0.0,0.0,0.0,0.0,0.0,0.0,0.0,0.0,0.0,0.0,0.0,0.0,0.0,0.0,0.0,0.0,0.0,0.0,0.0,0.0,0.0,0.0,0.0,0.0,0.0,0.0,0.0,0.0,0.0,0.0,0.0,0.0,0.0,0.0,0.0,0.0,0.0,0.0,0.0,0.0,0.0,0.0,0.0,0.0,0.0,0.0,0.0,0.0,0.0,0.0,0.0,0.0,0.0,0.0,0.0
0.0,0.0,0.0,0.0,0.0,0.0,0.0,0.0,-0.9098025840222385,-0.9084041004528689,-0.9061371557261553,-0.9054246298928726,-0.9039222087397212,-0.9041727792884674,-0.904188776098543,-0.9028939645325194,-0.9025107069932893,-0.9017403026526922,-0.902535025328325,-0.9017472085596056,-0.9008736554469102,-0.8990651956598729,-0.8988836145941566,-0.8990191002895025,-0.8993406436144022,-0.9004086869598346,-0.89928842414642,-0.8989743437788914,-0.8987354893498475,-0.9009580079066233,-0.9025434546713483,-0.902611058792462,-0.9024137382095582,-0.9031503620714467,-0.9023907885143863,-0.9039395389150333,-0.9057987427156532,-0.9073550100430295,-0.9058623758449571,-0.903848606492184,-0.9037142330034511,-0.9061585186785038,-0.9065654758547178,-0.9052273189719812,-0.9038525489526522,-0.9019382813247115,-0.9026117245429768,-0.9002701315853424,-0.8989055623387736,-0.8973509689201421,-0.8962826369445145,-0.8950738967623715,-0.8940300596017912,-0.8965644557679188,-0.8990380577721595,-0.8998653217900885,-0.9002938676112154,-0.9022212996427017,-0.9019962809780215,-0.9029736889694997,-0.9024703905937008,-0.9025293628265046,-0.9005210491499602,-0.8992027612478243,-0.9006133068767951,-0.901470934951579,-0.9015017567934307,-0.9009797684441313,-0.9012832100591509,-0.9000107434285366,-0.9005476019498585,-0.9010850528252273,-0.903945290753173,-0.9044367578241378,-0.9027457910184701,-0.9019162416334721,-0.9032292508887407,-0.9061188941557918,-0.9098360124208476,0.0,0.0,0.0,0.0,0.0,0.0,0.0
0.0,0.0,0.0,0.0,0.0,0.0,0.0,0.0,-0.9090975673485311,-0.9066275958533213,-0.9049550020895909,-0.9038811019091934,-0.9027367088707444,-0.9025595266680563,-0.9025570101172897,-0.9011103357333445,-0.9003303949864563,-0.8999279586994138,-0.90120748190714,-0.9006237996792197,-0.9000287894416729,-0.8992583421672454,-0.8993486369726983,-0.8985429666539088,-0.8998039089090244,-0.9001443916207342,-0.899419431901352,-0.8996448308320025,-0.8988933980491561,-0.9007071359539669,-0.9024878727493179,-0.9033437038816717,-0.9030650207840273,-0.9043072842874852,-0.90356112484329,-0.9048906822936195,-0.9061160451351727,-0.9071322108217201,-0.9063343262132243,-0.9046786956147844,-0.9039568749105781,-0.9044568787062992,-0.90434195421979,-0.9037683173741481,-0.9025149290224684,-0.9021642779664002,-0.9022121930633843,-0.900523125548915,-0.8996907189180889,-0.8979149216071166,-0.8984411360356432,-0.8981610551687564,-0.8975674748610094,-0.898356191851196,-0.9000976538193269,-0.9002074495754147,-0.9003717382810926,-0.9017939682650268,-0.9020800767314954,-0.9026312148900872,-0.902183574871614,-0.9014016728991889,-0.9001083409847125,-0.899025987324779,-0.8996383518215623,-0.900716624220059,-0.9011464494869791,-0.900512093902245,-0.9004885234684301,-0.8996982055607649,-0.8998422243722589,-0.9004260911506787,-0.902153373825997,-0.9028771605601427,-0.9021633940185155,-0.9022313378920243,-0.9035900947795138,-0.9058021063431781,-0.9102392351703155,0.0,0.0,0.0,0.0,0.0,0.0,0.0
0.0,0.0,0.0,0.0,0.0,0.0,0.0,0.0,-0.9082659490390198,-0.9062229632942779,-0.9049212798284972,-0.9032719360131163,-0.9023345073784999,-0.9013643828907153,-0.9007502708144655,-0.9003466129026609,-0.9004006695408522,-0.8999024795081877,-0.9014648080161609,-0.9016177938836453,-0.9007720899799706,-0.9001157272424095,-0.8997477444826235,-0.8986702586957483,-0.8993581675007483,-0.9002754555668255,-0.8995131912376488,-0.8993714158024286,-0.898744131741965,-0.90110654023847,-0.9022323215503714,-0.9039471131915403,-0.9029363420071109,-0.9041290362183494,-0.903725972129663,-0.9045826354869216,-0.9053886256872014,-0.9056043167795471,-0.9049968030646118,-0.9040599564740495,-0.9039214278684174,-0.9034163377818709,-0.9035133816886031,-0.903456266637309,-0.9019046581309318,-0.902519471440004,-0.9017511259008462,-0.9017308597427257,-0.9011174965251243,-0.8998562297399219,-0.9000108766268677,-0.9000781114625838,-0.8993483677829155,-0.8996962533185038,-0.9009560054378134,-0.9013164287298359,-0.9011009927498613,-0.902241723262733,-0.9019720646173869,-0.9022195632964732,-0.9013764961706847,-0.9017095370655305,-0.9010086581526744,-0.8997826192971243,-0.8997343040799023,-0.9005431101673429,-0.9015067681244413,-0.9014700912134717,-0.9002702020338434,-0.89988412287523,-0.9000080315710606,-0.8996978706432854,-0.901271012232608,-0.9015878390139146,-0.9021964779280053,-0.9022649537077425,-0.9037087542180734,-0.9057286597717015,-0.9094763918245823,0.0,0.0,0.0,0.0,0.0,0.0,0.0
0.0,0.0,0.0,0.0,0.0,0.0,0.0,0.0,-0.9067336834818147,-0.9055265665627376,-0.9043078371266791,-0.9039299381561731,-0.9029755583737538,-0.9016725660633911,-0.9001748599096855,-0.9003953654945274,-0.900007595459391,-0.9003543494031433,-0.900567113054077,-0.9009636516304734,-0.9010485652475927,-0.9009516170817407,-0.8998800129436466,-0.8997819277456176,-0.8998656205925382,-0.9013004902336506,-0.9011875835264964,-0.9003152047803407,-0.9004728701771664,-0.9002507798662276,-0.9022819347614853,-0.9032506382632666,-0.9037908526482445,-0.9043874304031598,-0.9042956797532133,-0.9048754429837911,-0.9047923424914915,-0.9045145922700168,-0.902853669771908,-0.9031953805366192,-0.9036523414867745,-0.902794482263985,-0.9020937330352268,-0.9029868278832712,-0.902178610352029,-0.9020334055665357,-0.9021480212521225,-0.9026267489932167,-0.9022083983559273,-0.9017228359287335,-0.9020525089316987,-0.9012863030871588,-0.900761156924992,-0.9006094865313246,-0.9005599162166494,-0.9009847373968749,-0.9009067143121694,-0.9011882833187909,-0.901884136247887,-0.9025244907882236,-0.902230698314761,-0.9029509686458653,-0.9009292835755744,-0.9001899159206455,-0.8998824885410796,-0.9000056467913523,-0.9012338299278159,-0.901368671919482,-0.900455567237954,-0.9001806733527334,-0.9002880383497591,-0.9001789684319497,-0.9003214460132005,-0.9003557940363625,-0.8999523087139276,-0.9015673715481864,-0.9028973809041296,-0.9056827675243031,-0.9089327141351462,0.0,0.0,0.0,0.0,0.0,0.0,0.0
0.0,0.0,0.0,0.0,0.0,0.0,0.0,0.0,-0.9060557620161594,-0.9060533132371961,-0.9049062293474807,-0.9035159708778362,-0.9033226409623946,-0.9027865622603367,-0.9019721049349756,-0.9007980283146312,-0.9010189476476987,-0.9003027717615509,-0.9015593715990665,-0.9019025168293043,-0.9006052008166131,-0.9010405374164284,-0.9006529564332864,-0.9001106571011007,-0.9007707394340867,-0.9007871780592603,-0.9011782476043876,-0.9010822614224056,-0.9006232567384677,-0.9008935206907344,-0.9010653551583435,-0.9014044697015087,-0.9040441960561358,-0.9042418617227833,-0.9048164259500703,-0.9042475488761413,-0.9039492944079962,-0.9039964451708045,-0.9035893103415963,-0.9034021382823909,-0.9036039304336395,-0.9026895231261575,-0.9024083293422791,-0.9025164299272133,-0.9024745322212614,-0.9023167322913783,-0.9022493443059267,-0.9025951062021242,-0.902309048118228,-0.9030230144905166,-0.9031864751390785,-0.9024865246004826,-0.9022862569923992,-0.9018148453939132,-0.9009559437539687,-0.9015140797703634,-0.9017536358828824,-0.901264300134659,-0.901886358768618,-0.9019809306695978,-0.9020596163546081,-0.902372655009569,-0.9013863248843693,-0.9004331349152669,-0.9003540636524481,-0.9016171660877144,-0.9018242309024722,-0.900827872793638,-0.9007615860579532,-0.9011745464290525,-0.9012108205725414,-0.9003536539135467,-0.8997857561708,-0.8996278088503249,-0.89948998232878,-0.9003585493012759,-0.9016769663137963,-0.9028641884947862,-0.9025055793231709,0.0,0.0,0.0,0.0,0.0,0.0,0.0
0.0,0.0,0.0,0.0,0.0,0.0,0.0,0.0,-0.9051182311594539,-0.9047697925588722,-0.9034588246895828,-0.9030801911551488,-0.9021007720091131,-0.901705016026636,-0.9012408124498675,-0.9002435681649182,-0.9010778703017589,-0.9014154604222054,-0.9003956150778764,-0.9005870203787684,-0.9009443253704357,-0.9016167820019311,-0.901875593059573,-0.9014064585006052,-0.9015107482674538,-0.9016165281014762,-0.9009684799401799,-0.901066986914252,-0.9020260974271764,-0.9008076967871589,-0.9008954344013812,-0.9011418139376802,-0.9028067745465711,-0.9033071271123632,-0.9035227276333004,-0.9035928995561712,-0.9044590739653449,-0.9029114005226194,-0.9023095952584387,-0.9028599894367152,-0.9031706834154866,-0.9023692949389983,-0.9023455864324446,-0.9033720013482017,-0.9027133857783853,-0.902455160676431,-0.902537871850295,-0.9032413349901605,-0.903091417185855,-0.9033261944380404,-0.9044496431087063,-0.9038556664227172,-0.9039885037502359,-0.902419165874682,-0.9017748041825357,-0.9022522621163396,-0.9020082814026565,-0.9013804539013365,-0.9015973395719158,-0.9007655577679932,-0.9016763157965539,-0.9031809344962857,-0.9033398106526871,-0.9021845294082652,-0.9012831311951317,-0.9005676307776964,-0.901289612117961,-0.9013506055206928,-0.9008519688221707,-0.9003489094912646,-0.9007491292269909,-0.9003220356854543,-0.900293815099946,-0.9004613854693634,-0.901334381126799,-0.9017191160318078,-0.9017879137482434,-0.9017256542164483,-0.9016858505527716,0.0,0.0,0.0,0.0,0.0,0.0,0.0
0.0,0.0,0.0,0.0,0.0,0.0,0.0,0.0,-0.9062292945696272,-0.9056479188026052,-0.9052617150692598,-0.9040895398473144,-0.9021440865333205,-0.9009767952526996,-0.9012081420714461,-0.9014357849699102,-0.900795635995104,-0.9013221183095561,-0.9012739950656551,-0.9012380039555785,-0.9017490028342889,-0.9027457100260139,-0.9015529421514715,-0.9014504919370351,-0.901735472128382,-0.9014037594092819,-0.9013740626304976,-0.901858275850544,-0.9009446237789968,-0.9003964920540164,-0.9002389950117955,-0.9008214519185284,-0.902433559548821,-0.9019496359768701,-0.9025322914655829,-0.9029860061077244,-0.9034230564662524,-0.9025400716159339,-0.9026938273833409,-0.902732178078965,-0.9022000702407025,-0.9025823515983116,-0.9023052947217743,-0.9029180977349299,-0.9034192129035279,-0.9033727633116283,-0.9031459121466373,-0.9043173286720315,-0.9060681362956725,-0.9048089120004378,-0.9051265871001932,-0.9046135474645189,-0.9036339354412507,-0.9024902601783958,-0.9024511347941379,-0.9007962129411524,-0.9017437268527897,-0.9021583352809482,-0.901906243957839,-0.9014052392994364,-0.9020085012681853,-0.9026287517154639,-0.9026666098142186,-0.9030928799897024,-0.9020586598809148,-0.9023712679040162,-0.9025501845624686,-0.9016514378880086,-0.9014016987616229,-0.9021070339932525,-0.9014885466257807,-0.9010116556798864,-0.900170866769307,-0.9016328599302793,-0.9014724168750086,-0.9012430584063432,-0.9021116308632284,-0.9021540952584506,-0.9035955432589587,0.0,0.0,0.0,0.0,0.0,0.0,0.0
0.0,0.0,0.0,0.0,0.0,0.0,0.0,0.0,-0.9044292331847561,-0.9044705375875247,-0.9046999390538941,-0.903426282922314,-0.9017220250601854,-0.9027684767292291,-0.9029663361747495,-0.902374503815507,-0.901608721500251,-0.9021162021993485,-0.9021368588483957,-0.9022794813900634,-0.9030480766813245,-0.90311587826562,-0.9024375673216776,-0.90235304688906,-0.9017236834918306,-0.9012096635166619,-0.900786553801469,-0.9011480377743476,-0.901027137435655,-0.9007541475568637,-0.9013613646783476,-0.9014724789987384,-0.9021690501175059,-0.9028155917072658,-0.9024237028906027,-0.9034454877128538,-0.9025240447064556,-0.9023435431665402,-0.9025472547749271,-0.9029412910766964,-0.9026331839725185,-0.9027169607901193,-0.9017165111521234,-0.9033697910491871,-0.9041250672379011,-0.9035958847287552,-0.9040468067471213,-0.9052632159845091,-0.9053430488047995,-0.9054372366033003,-0.9053546651939354,-0.9051044710670446,-0.9038446608824066,-0.9026460254140664,-0.9027407006484314,-0.9016635577099327,-0.9010043382945707,-0.8998594754506285,-0.8999982940197865,-0.902071987496175,-0.9026230982791466,-0.9019349576811203,-0.9030735771885875,-0.9036372191926629,-0.9030927248064399,-0.9040588406806487,-0.9034480740599347,-0.9022832211033078,-0.9015964563284388,-0.9012720750992729,-0.9008259107314736,-0.9017064917817044,-0.8995415901370013,-0.8993886861384859,-0.8991701317051721,-0.900354942578487,-0.9012214720434931,-0.9005017609497091,-0.901467990781685,0.0,0.0,0.0,0.0,0.0,0.0,0.0
0.0,0.0,0.0,0.0,0.0,0.0,0.0,0.0,-0.904916818530443,-0.9045219414935002,-0.9040977782600261,-0.9030221542837278,-0.9036126477070323,-0.903697375502139,-0.9033209643591782,-0.9008890303039029,-0.9016572801352011,-0.9008347717910301,-0.9027301237080722,-0.902714219656816,-0.9028369828151466,-0.9040838946456898,-0.9034521586862995,-0.9022805826860089,-0.9018281647154556,-0.9017439948613708,-0.9013304291211527,-0.9013136040007841,-0.901453567751166,-0.9015927556800432,-0.9009318647653733,-0.9018068767870757,-0.9025217706871713,-0.9026820949395209,-0.9020691908066792,-0.9028375021595034,-0.9030436043226934,-0.9032731314597325,-0.9034826933929238,-0.9029454902633729,-0.9029518952661915,-0.903091759069743,-0.9039718929046737,-0.9032858920144483,-0.903836152413631,-0.9038438068688982,-0.9051046429379102,-0.9055393224535716,-0.9063824418917118,-0.9060100252730582,-0.9063936332816432,-0.9057064397748757,-0.9038204628996686,-0.9031953336528399,-0.9033628480023458,-0.9020768776872858,-0.900873114505313,-0.9002458550994419,-0.9014335884128233,-0.9017217762246452,-0.9026876576373031,-0.9037836631792091,-0.9029759912673896,-0.9039735912322272,-0.9035507973855943,-0.9036024566191779,-0.9032280236700685,-0.9025228789486651,-0.9019200693290884,-0.9013337123993829,-0.9015950720474244,-0.9008328958168285,-0.9008288988595932,-0.9010737037971089,-0.9021196329958395,-0.9031132114065029,-0.9020563060554457,-0.9005434488830882,-0.9014553813548385,0.0,0.0,0.0,0.0,0.0,0.0,0.0
0.0,0.0,0.0,0.0,0.0,0.0,0.0,0.0,-0.9047827475855575,-0.9053478768664577,-0.905218291155545,-0.9043170719379481,-0.90389288719058,-0.9033618992727677,-0.9034908569973523,-0.9029902825633059,-0.9021966425319488,-0.9024406798944618,-0.9027482055022271,-0.9027144879071266,-0.9043007839093896,-0.9040449277161698,-0.9041104467985892,-0.9026688761748883,-0.902511049376977,-0.9017431640341474,-0.9010130468911176,-0.901476217243898,-0.9022454173115717,-0.9015506483311191,-0.9015270694216382,-0.901379393242179,-0.9025752690831392,-0.902596387511603,-0.9022695432050897,-0.9029068468328051,-0.9032580374961807,-0.9031888531436387,-0.9033491690398635,-0.9026294841037258,-0.9030597366593558,-0.9032588639159711,-0.903745647853819,-0.9037247049162949,-0.9035422019579171,-0.9043821963252205,-0.905264780428288,-0.9058138203041493,-0.9057126120239759,-0.9057140041516282,-0.9061169405887425,-0.9063080129124275,-0.9048524813902088,-0.9039568543431497,-0.9029928295278464,-0.902652878720907,-0.901542007477123,-0.9011365186778358,-0.9015297241382804,-0.9018716727744656,-0.9026842822930208,-0.9027093084634243,-0.9039475649922689,-0.9045122755699677,-0.9031345214273693,-0.9046535240162823,-0.9043400317280084,-0.9013258382411948,-0.9006823205097704,-0.8992813729061437,-0.899145593320553,-0.899415760991928,-0.9001185777844959,-0.9011193416288126,-0.9006784849475453,-0.9014834492285332,-0.9017579987626081,-0.9016286847933729,-0.899661130552833,0.0,0.0,0.0,0.0,0.0,0.0,0.0
0.0,0.0,0.0,0.0,0.0,0.0,0.0,0.0,-0.9040185104965089,-0.9046652007529618,-0.9045581765112786,-0.9042767505294037,-0.904628741556544,-0.9034773758740094,-0.9043680038008595,-0.9041318562951485,-0.9035229365030847,-0.903503411806432,-0.9024009430740271,-0.9031522886323516,-0.9037285106002627,-0.9033172929467517,-0.9028999890331022,-0.9027335527227142,-0.9018306055522689,-0.9015696871750221,-0.9014203166996174,-0.9015852775095934,-0.9022075919719853,-0.9012312324600885,-0.9014892860948375,-0.9023983982114158,-0.9031174475140654,-0.9024551730257612,-0.9025793342735894,-0.9028462350109858,-0.9029341694745008,-0.9031751989280141,-0.9042648715720908,-0.9036072148112869,-0.9031467229796776,-0.9023884226995869,-0.9038199807066722,-0.9045291980497766,-0.9042444747216183,-0.9036560095999291,-0.906332679458275,-0.9057665536252527,-0.9064332384449296,-0.9063888819674011,-0.9051614474760729,-0.9056508045219732,-0.9051525843209268,-0.9029889018846926,-0.9036318848466359,-0.9035910015377219,-0.9026272466129568,-0.9008420462015483,-0.9014061563827296,-0.9020680469287485,-0.9020782689858741,-0.9019827217096519,-0.9041126899371226,-0.9037883566091474,-0.9042695037354324,-0.9035096270666573,-0.9020492711409123,-0.9015538955343272,-0.900317988689376,-0.9004681113729391,-0.8997249190376295,-0.900504532132372,-0.8998971991335183,-0.8995020419403722,-0.8999306543557747,-0.9017891210756118,-0.9026389065505399,-0.9021287424015489,-0.9008757042423472,0.0,0.0,0.0,0.0,0.0,0.0,0.0
0.0,0.0,0.0,0.0,0.0,0.0,0.0,0.0,-0.9039478123058179,-0.9042235892057117,-0.9045862566597281,-0.9046300961370206,-0.9041815607122605,-0.9047661346630492,-0.9046738244765498,-0.9037872307393097,-0.904050876385544,-0.9024884178593454,-0.902568365397313,-0.9032545451705882,-0.9037409131912539,-0.9035141639850238,-0.9027911910597428,-0.9026215085355385,-0.9018900694725607,-0.9012643570340315,-0.9015197432415195,-0.902143803931795,-0.9018386223675829,-0.9014643303142831,-0.9016596755422368,-0.9022158201741489,-0.9023194301468467,-0.9028254091905837,-0.9029589485749676,-0.903049409470816,-0.9034695995441924,-0.9045042520818287,-0.9058284677106848,-0.9040439745836214,-0.9033181069456147,-0.9036967654705206,-0.9034924280671733,-0.9042289170483957,-0.9050425287319201,-0.9043675706182115,-0.9054916556817795,-0.9056811235141109,-0.9064185850911297,-0.9058174890178805,-0.9057670553643136,-0.905073699566654,-0.9044197745313616,-0.9042964272358993,-0.9039440086380062,-0.902858233130588,-0.9025604565047723,-0.9020063824765575,-0.901105169141379,-0.9015830042445472,-0.9020073528349867,-0.9017261475201707,-0.9034622034666574,-0.9017528317209921,-0.9023226707658311,-0.9016095037461207,-0.9017393097261961,-0.9001142360969904,-0.901506825284472,-0.9009056080350752,-0.9012415979988955,-0.901265588234505,-0.9008004922647669,-0.9018667626690763,-0.9010973640443987,-0.9009755001934768,-0.9015345841248201,-0.8998316164995398,-0.8996517805275344,0.0,0.0,0.0,0.0,0.0,0.0,0.0
0.0,0.0,0.0,0.0,0.0,0.0,0.0,0.0,-0.9031145232930552,-0.9038747951439065,-0.9046087662305534,-0.9051275516620209,-0.9061464303610853,-0.9054122267210639,-0.905616477675271,-0.9048551383009296,-0.9034527959542995,-0.9037198152299082,-0.9036106509176165,-0.9032568991091362,-0.904173455385998,-0.9027470479677856,-0.9026468339927978,-0.9026391037737923,-0.9017659603679792,-0.9019656500475747,-0.9022292679077684,-0.9019421182116119,-0.9020694245357588,-0.90134687633068,-0.9010212947626672,-0.9015530956525116,-0.9016957426908867,-0.9025260503891621,-0.9027254440005411,-0.90304241762031,-0.9029360039474813,-0.9043845076476884,-0.9042230219917827,-0.904445938496203,-0.9037894303500188,-0.9042938058942179,-0.9037080490189224,-0.9041967897022969,-0.9034220888644996,-0.9053490780877469,-0.9044954573877375,-0.9055238799968112,-0.9061781205726738,-0.9060924417868176,-0.9048369020315783,-0.9048078855959701,-0.9048645889456924,-0.9044396489319009,-0.9033876391920391,-0.9034776556481099,-0.902488348997304,-0.902101887661001,-0.9017520032635384,-0.9020506493826724,-0.9019450600149388,-0.9027345853752008,-0.9026043314717956,-0.9022893253684627,-0.9014814715708134,-0.9014218139760939,-0.9003576290786797,-0.9001027134385342,-0.9008253525082432,-0.9011690573318486,-0.9011930294183447,-0.9008392159825591,-0.9007679856518241,-0.9015418763000471,-0.9019346147231095,-0.901388884195939,-0.9022831473750604,-0.9003013848766402,-0.9000237777200809,0.0,0.0,0.0,0.0,0.0,0.0,0.0
0.0,0.0,0.0,0.0,0.0,0.0,0.0,0.0,-0.9028632228864986,-0.9041906460882853,-0.9042811990824691,-0.9047865209488505,-0.9050533086895722,-0.9052328335260253,-0.9050866967557293,-0.9045720184780138,-0.9047115180165108,-0.9038736037359908,-0.9035658117895392,-0.9036288527183901,-0.9038083676242753,-0.9033745509488063,-0.9018836713716248,-0.9018056763147559,-0.9015494685256982,-0.9021309829352087,-0.9018849649067973,-0.9025456124015702,-0.9024379443013454,-0.9021519360673678,-0.9016356508706103,-0.9019117194217833,-0.90204787468797,-0.9028456915346682,-0.9037211864923052,-0.9043008841306499,-0.9027981716583482,-0.9028932856958893,-0.9027153439073923,-0.9043571609530091,-0.9034522360785211,-0.9036923769361519,-0.9037191161372407,-0.9032440317242609,-0.9043135864754325,-0.9038741768193981,-0.9042816005966203,-0.9049222535381093,-0.9054786925715687,-0.9055131952302701,-0.9053886737116558,-0.9038975307068616,-0.9049195127756939,-0.903904383332387,-0.9039122969602499,-0.9044820088706466,-0.9032238396394939,-0.9016890289969115,-0.9015658823986263,-0.9015113114857499,-0.9020988102159383,-0.9016786986401333,-0.9010092656925874,-0.9007021057080353,-0.9007859263963222,-0.9010872390332048,-0.9005531944837165,-0.9005730320931735,-0.9002410421245888,-0.8999525336224143,-0.9014968295414799,-0.9007850539866303,-0.9014738959999277,-0.9016887989266045,-0.9017538862613637,-0.9025012464055672,-0.9022007088964028,-0.901528219270337,-0.9014128616842363,0.0,0.0,0.0,0.0,0.0,0.0,0.0
0.0,0.0,0.0,0.0,0.0,0.0,0.0,0.0,-0.9034078961217117,-0.9048094368762114,-0.904834391463432,-0.9050393395545087,-0.9058401146513394,-0.9056021490750873,-0.9051318504240404,-0.9046462941488544,-0.9038383855334531,-0.9038373618694922,-0.9037331696442913,-0.9029350934115745,-0.902530676596427,-0.9022502340133359,-0.9040480618962495,-0.902841580963676,-0.9026982113210078,-0.9025663480724554,-0.90247862577617,-0.9016801897787263,-0.9026520580649303,-0.9020785965412261,-0.9024787206811951,-0.9026111337480143,-0.9027043286324644,-0.9029424683915043,-0.9039154884668018,-0.9040296204911392,-0.9036925963618299,-0.9038895479007281,-0.902822922818648,-0.9035543838999234,-0.9036252846617613,-0.9043053070878609,-0.9040114893664452,-0.9039675396749715,-0.9033617717297043,-0.9040043876978041,-0.9038429474041724,-0.9041436784473844,-0.905178329304797,-0.9047816009387146,-0.9049086370844088,-0.9044003311896742,-0.9041036054527354,-0.9035442482789313,-0.9036374716568147,-0.9023172504467192,-0.9023889674685379,-0.9019751381420072,-0.9007379872481229,-0.9016969834701616,-0.9013519938936615,-0.9022173415981324,-0.90240711035374,-0.9012053626818776,-0.9013034161105123,-0.8998419878720737,-0.9007741352501537,-0.9010524180108047,-0.9010761231671895,-0.9008798317042578,-0.901206148506404,-0.9011601867988668,-0.9015295691209162,-0.901461884290717,-0.902006398691802,-0.9019230029231246,-0.9017054619541874,-0.9016186224165301,-0.9014632367301446,0.0,0.0,0.0,0.0,0.0,0.0,0.0
0.0,0.0,0.0,0.0,0.0,0.0,0.0,0.0,-0.9018676830117354,-0.9035966586151911,-0.9046041198324696,-0.9059694404784867,-0.9067443238872468,-0.9064519673243154,-0.905684109413197,-0.9047398187685639,-0.9038646519296422,-0.9042677829806253,-0.9040172494748957,-0.9030959140396702,-0.9019132211262136,-0.9014795600104331,-0.9015686396721388,-0.901741323511693,-0.9015812483548779,-0.9021754982850207,-0.9023083521452403,-0.9015688038234175,-0.9019775402896923,-0.9028610237556028,-0.9028492069033652,-0.9039203938171051,-0.9040140858773308,-0.9039275047942815,-0.9040763029162221,-0.9027058282084001,-0.9030446229902648,-0.9035654182758853,-0.902915110463736,-0.9035221290886332,-0.9042154931656485,-0.9043319936946926,-0.9050543687450722,-0.9036468114463843,-0.9022570899766917,-0.9030374303895091,-0.9041832846818814,-0.90487505997304,-0.9049333822315141,-0.9044248095541642,-0.9046833801869993,-0.905013966424786,-0.9042865568311783,-0.9042949602589556,-0.9034225428491608,-0.9026081540000317,-0.9028634352135542,-0.9023459390535865,-0.9018232993476886,-0.9017134309731908,-0.9018913382970043,-0.9018108171538735,-0.9021453085040076,-0.9013124018372093,-0.9006136686319243,-0.9000068897651081,-0.9016942676076406,-0.9009265922103891,-0.9003650565497923,-0.9015526020539882,-0.901156065422584,-0.9019939241665876,-0.9025280147604383,-0.9021321695376325,-0.9022017779576433,-0.9024414976172314,-0.9022337571275726,-0.9022946694751017,-0.9036231666968553,0.0,0.0,0.0,0.0,0.0,0.0,0.0
0.0,0.0,0.0,0.0,0.0,0.0,0.0,0.0,-0.9018013866800245,-0.9028850193030895,-0.9042882773207981,-0.9050221163083765,-0.9056757000079925,-0.906094821551891,-0.9061675056907009,-0.9046258087920906,-0.9029874931376984,-0.9022003493993687,-0.9027118198526872,-0.9020395834693213,-0.9014466192259469,-0.9012604673758793,-0.9006412706775464,-0.9005771115275001,-0.9019840668222884,-0.9025899685541331,-0.9022556253174314,-0.9019186426669554,-0.9021085705830675,-0.9018933729584522,-0.9020996720771073,-0.9020134183394994,-0.9032269017162566,-0.9036173284094008,-0.9037869052191081,-0.9033175519784795,-0.9036885682101864,-0.9028797119160649,-0.9032093827819262,-0.9024277110726611,-0.9028898219555461,-0.9026062037228125,-0.9036512206395341,-0.9047953649954042,-0.90368601287975,-0.9034368453825041,-0.9030392435880737,-0.9045055300030233,-0.9048725383128587,-0.9047679405717497,-0.9052774376258056,-0.9053908756181588,-0.9044020138681484,-0.9042863804219831,-0.9040431878456329,-0.9033553182421451,-0.902854285434442,-0.9025370518726749,-0.9019363375627866,-0.9021957865990184,-0.9015612156932962,-0.9016094036518435,-0.9005704500515621,-0.9016943569302002,-0.9007860312617375,-0.9006951758467341,-0.9007758778620361,-0.9006892846165201,-0.9006899855665442,-0.9003789729146175,-0.9003911554476721,-0.9017755517842541,-0.9019087510036454,-0.9016541435678496,-0.9030425202450749,-0.9029297584210859,-0.9014558405578961,-0.9007753633091794,-0.9016350139602011,0.0,0.0,0.0,0.0,0.0,0.0,0.0
0.0,0.0,0.0,0.0,0.0,0.0,0.0,0.0,-0.901820975389185,-0.9029785028042215,-0.9043929131222426,-0.9051892680170562,-0.9054284259035361,-0.9065347725837247,-0.9046845252848587,-0.9035165098107699,-0.9033736271990374,-0.9025854739319317,-0.9021562484218589,-0.9024437277165561,-0.9014389329818424,-0.9009807962907971,-0.90098776133599,-0.9012587361571658,-0.9018267717346391,-0.9018240634085597,-0.9023528650908765,-0.902420509112883,-0.9022843315358224,-0.9023346731880969,-0.9014596311589,-0.9021077031503911,-0.9026982454504127,-0.9035079536350562,-0.9040393816557466,-0.9043787961552592,-0.9032241327323847,-0.9023338898997737,-0.9019150585075902,-0.9026938978704427,-0.9038454692649526,-0.9033068006436507,-0.9033562542797874,-0.9039954802364657,-0.9044378524901879,-0.9040791821670998,-0.9041563565279058,-0.9047921116904313,-0.9049332900710148,-0.9047889173184008,-0.9050781215031765,-0.904033393294479,-0.9035395457387055,-0.9043035709922099,-0.9047224690906139,-0.904253632613555,-0.9034669453676063,-0.9022422404789138,-0.9022253891624495,-0.9012151909989182,-0.9021478093894573,-0.9021043346508784,-0.9014981159902936,-0.9013719880281662,-0.9005357332233261,-0.8997745066869773,-0.9006287901515564,-0.8997817912001842,-0.9000687807228197,-0.9002775179223198,-0.9009828708881252,-0.9006796794409674,-0.9011204101107285,-0.9022521133160971,-0.9022795248346174,-0.902630801054676,-0.9026857991283658,-0.9019563455335267,-0.9035500654949719,0.0,0.0,0.0,0.0,0.0,0.0,0.0
0.0,0.0,0.0,0.0,0.0,0.0,0.0,0.0,-0.9024760237740074,-0.9035269732949026,-0.9048215686896602,-0.9047703779742358,-0.9056421696167869,-0.9054528781811241,-0.9047846807983455,-0.903232416513997,-0.9026202217895202,-0.9033817395053568,-0.9028122818398991,-0.9030978154867251,-0.9011943174999347,-0.9003057423539106,-0.9015739891628364,-0.9013576169618422,-0.9022473764304871,-0.9027649410289206,-0.9018885642315967,-0.902643297980531,-0.9042389005027632,-0.9036014497534721,-0.9032686165035397,-0.9026156221452332,-0.9024815778867527,-0.9035840267925025,-0.9036206987496421,-0.904951379458537,-0.9030979416393253,-0.9031742837142174,-0.9022885800155183,-0.9031376813760675,-0.9043501323573309,-0.9037226766413899,-0.9049237210190563,-0.9033349141628603,-0.9038438824954828,-0.9041937098647488,-0.9050937492186317,-0.9043078479132631,-0.9047260695595145,-0.9036475218047841,-0.9035902037847278,-0.9036196285184664,-0.9031714847217317,-0.9032296202745478,-0.9036400156309088,-0.9027694576509102,-0.903386951618465,-0.9029688505016512,-0.902995588658758,-0.9027129616099638,-0.901812571586548,-0.9014595954735043,-0.9001460930794843,-0.900667216369448,-0.9019916763394995,-0.9014832235347426,-0.9003221498606871,-0.9014419778518551,-0.9016795289585586,-0.9015004834149359,-0.9022577300832697,-0.9020818111278134,-0.9020131140114825,-0.9023890288145804,-0.9036698673542204,-0.9026784119405288,-0.9020365076666049,-0.9010275352975633,-0.9022482259000212,0.0,0.0,0.0,0.0,0.0,0.0,0.0
0.0,0.0,0.0,0.0,0.0,0.0,0.0,0.0,-0.8989517475110925,-0.9009323283160541,-0.9027999438591677,-0.9048901641593365,-0.9050538749922235,-0.9047794311551622,-0.9040330973648939,-0.9030731367221679,-0.9026922845583562,-0.9025363156941538,-0.9034161512871686,-0.9025357354258267,-0.9014092502882312,-0.9003028523380926,-0.9012662796124814,-0.9006511193985317,-0.901622218325597,-0.9025267887919816,-0.9034175765361202,-0.9029732745769884,-0.9030513746654006,-0.9037613412662233,-0.9035964720144948,-0.9030412022287784,-0.9033096115973944,-0.9034769977130916,-0.9024122559124758,-0.9040989927086814,-0.9036473835267701,-0.9045220298051349,-0.9032052107350486,-0.9038289453208419,-0.9036604207503913,-0.9038183514374907,-0.9031833921104887,-0.9032942260153604,-0.9050771506763317,-0.9047875283555648,-0.9044356301993522,-0.9048081281159391,-0.9042464945842885,-0.9036495683440101,-0.9038896195688239,-0.9034657273104023,-0.9032389321758404,-0.9034322403430718,-0.902550276613163,-0.9024377093565624,-0.9040743518595897,-0.9035078193799725,-0.9029286031421057,-0.9019715857696063,-0.9020400491532552,-0.9020580589409436,-0.9017133184617047,-0.9012907696648038,-0.9021224793955747,-0.9020319744211112,-0.9014405482330144,-0.9013839409033103,-0.9021857322340276,-0.9036137712039116,-0.9031642464524563,-0.9034229186447644,-0.9025836565358463,-0.9031130561639841,-0.90266428466892,-0.9021603934618343,-0.9012664976639968,-0.9000285094880167,-0.8991257775971999,0.0,0.0,0.0,0.0,0.0,0.0,0.0
0.0,0.0,0.0,0.0,0.0,0.0,0.0,0.0,-0.8984297814646819,-0.9004391662594065,-0.9025902958431141,-0.9031893284117152,-0.9040471346365533,-0.9045182884369916,-0.9037462644567552,-0.9022691257013824,-0.9015511850817094,-0.9013942866628415,-0.9025201288929581,-0.9015357888096304,-0.9008507934422659,-0.9010799317089193,-0.901250052107376,-0.9019125381401483,-0.9028211588045618,-0.9025769463062978,-0.9023260785517858,-0.902890530614932,-0.9026374222481832,-0.9028251815962318,-0.9036379489091911,-0.9036029273988231,-0.9035011382492322,-0.9030446949125392,-0.901858098199921,-0.9020475687322306,-0.9033172768046737,-0.9028875846162421,-0.9034162703531956,-0.903006695907737,-0.9035643243832056,-0.9041164245656378,-0.9031880944261432,-0.9043380273007592,-0.9045247359172147,-0.9044187280147779,-0.9044165767395862,-0.9041315523918722,-0.9044591132394001,-0.9042737642368275,-0.9044266843614939,-0.9037124911963653,-0.902749666185759,-0.9026352631873166,-0.9029833994843315,-0.9043814097889578,-0.9042750458555778,-0.9034911625030205,-0.90296784547651,-0.9022236237499577,-0.9020865475897113,-0.9021668662296485,-0.9018075658552392,-0.9029412789221878,-0.9026270796371177,-0.9021301422359517,-0.9019024522656542,-0.9013137020652949,-0.901293208509114,-0.9022133628073966,-0.9025413746819032,-0.9033040110625973,-0.9023699611658412,-0.9023774488844599,-0.9022629491139552,-0.9022718393922372,-0.9015606360597419,-0.8997154132965175,-0.8975153920741953,0.0,0.0,0.0,0.0,0.0,0.0,0.0
0.0,0.0,0.0,0.0,0.0,0.0,0.0,0.0,-0.8981240093632396,-0.9002451103054114,-0.9020665234926913,-0.9020967681228576,-0.9025434030380483,-0.9026515547651709,-0.9018608118279395,-0.9014031780480146,-0.9015473824958925,-0.9020749901116731,-0.9021067892199556,-0.9007892723800993,-0.9009291836340189,-0.9011969348266382,-0.9012615447712254,-0.903037233895909,-0.9033951217424331,-0.9024454553441436,-0.9017262761017606,-0.9025478055107323,-0.9029219971976441,-0.9029663027912922,-0.9037739617993847,-0.9032022103275905,-0.903299865333962,-0.902891593754093,-0.9027598325248171,-0.9020409855564513,-0.9012079655587928,-0.9020303919531083,-0.9024985881619554,-0.902464819917366,-0.9041433697085429,-0.9045572533615911,-0.9040161501528329,-0.9048355609026824,-0.9029483813590616,-0.9033387752680991,-0.9037414875204379,-0.9033372469632271,-0.9029979261770058,-0.9034162036952824,-0.9031796629895513,-0.9035105574041564,-0.9037665516107292,-0.9039229085886382,-0.9040499397327595,-0.903500496704226,-0.9037865629183526,-0.9034679198732198,-0.9024161330776719,-0.9021168155862442,-0.9026307339929961,-0.9017911242515004,-0.9025609130999368,-0.9020179728054326,-0.9022380571935281,-0.9019845595894151,-0.9017902242337429,-0.9014032883000368,-0.9016784437792463,-0.9020539058849245,-0.902752837602165,-0.903097229829343,-0.9037755883508705,-0.9021985247053622,-0.9019165700051895,-0.9021967774552463,-0.9025181328280701,-0.9012210674539155,-0.8988760042938078,0.0,0.0,0.0,0.0,0.0,0.0,0.0
0.0,0.0,0.0,0.0,0.0,0.0,0.0,0.0,-0.900805132555202,-0.9010942137501423,-0.9022747608927856,-0.9027712387721112,-0.902259474924979,-0.9027632035630724,-0.9019259810554284,-0.9026557172578603,-0.9012247026118321,-0.901205879563501,-0.9012381192991762,-0.9012255953780162,-0.9012349757454241,-0.9011540144760343,-0.9024795503627885,-0.9027648913724906,-0.9035548861100431,-0.9028223826387657,-0.9030656920332782,-0.9020983698824754,-0.9020129894603639,-0.9029339964251502,-0.9022150063826536,-0.9029930941439982,-0.903274245700055,-0.902492964959867,-0.9036521539417622,-0.903199296386709,-0.9027177036829448,-0.9030762224160581,-0.9037099391793451,-0.9043556790175203,-0.9041916174937787,-0.9046888239715948,-0.9045394593498413,-0.9044540778576722,-0.9037819791896783,-0.903178090360166,-0.9041347359959995,-0.9038718564676481,-0.9039191183666622,-0.9040085722100303,-0.903900651797382,-0.9045496592131946,-0.9045542674063526,-0.9040234930129764,-0.9033704805648713,-0.9031312356901191,-0.9033933869044682,-0.9031403584269071,-0.9029752593179897,-0.9017593990715006,-0.9019541491487842,-0.9030291936081803,-0.9016245141548613,-0.9019681894754248,-0.901479404640274,-0.9002899682005879,-0.9001530481404878,-0.9017737308477912,-0.9017737382297378,-0.9021801234074341,-0.9024941903523438,-0.90233856261373,-0.9033739399756736,-0.9021684715620235,-0.9018414234468763,-0.9017032887986456,-0.9020320840912808,-0.900951619030424,-0.8979839571353863,0.0,0.0,0.0,0.0,0.0,0.0,0.0
0.0,0.0,0.0,0.0,0.0,0.0,0.0,0.0,-0.8987844240812687,-0.9002522294910574,-0.9007540813326262,-0.9011913064231588,-0.9022260453588237,-0.9020502798486716,-0.9015208816839413,-0.9020412453488438,-0.9017777783867996,-0.9019441863637753,-0.90185359297063,-0.9019576302545118,-0.9017387148838757,-0.9018959377647543,-0.9028557205825826,-0.9030433521936345,-0.9037213349489324,-0.9031336907499093,-0.9032851094257425,-0.9021996321980706,-0.9026717903027812,-0.9021589808168113,-0.9030930195704534,-0.9026928885417403,-0.9033767853351993,-0.9036438349043616,-0.9041798547562763,-0.9034683270437062,-0.9029275821136042,-0.9032696358623895,-0.9041945644478253,-0.9046719931543878,-0.9042124121251887,-0.9036567301303012,-0.9044884948996256,-0.9042810524174437,-0.905039002933327,-0.9048412223966327,-0.9050306198191207,-0.9036189850922809,-0.9029492858612864,-0.9036317308702467,-0.903273640718341,-0.9032207687959595,-0.903786144837961,-0.903898623439733,-0.9034966112062207,-0.9035313560844558,-0.9031147822281327,-0.9029114624023762,-0.9025986957105683,-0.9030346615310253,-0.9026840844378314,-0.9014505143582008,-0.9019673835897751,-0.9012061402627766,-0.9017708095069061,-0.9014446103940881,-0.9006063817615766,-0.9013054189813812,-0.9013866942018162,-0.9010795232212021,-0.9022601352971382,-0.902538018488303,-0.9028409349204176,-0.9026942418627384,-0.9025161200386076,-0.9022201260974748,-0.9020093708303755,-0.900751466427237,-0.8978905051911507,0.0,0.0,0.0,0.0,0.0,0.0,0.0
0.0,0.0,0.0,0.0,0.0,0.0,0.0,0.0,-0.897743941587431,-0.8994463618119002,-0.9003745542120298,-0.9009143442024413,-0.9013962040099182,-0.9020229582567739,-0.9023179973543931,-0.9016752819998495,-0.9020921984877062,-0.9017953608050201,-0.9027593727106664,-0.9029077930383088,-0.9023797959312945,-0.9016561180187633,-0.9026416133639756,-0.9030228652547599,-0.9037428770871563,-0.9027185803291347,-0.9027694703565668,-0.9015332627822671,-0.9019005868395583,-0.9019719682757035,-0.9033329248161478,-0.9030520154321263,-0.9026072152150509,-0.9033561918309158,-0.9032092371244861,-0.9030197279667693,-0.9028043674143301,-0.9045811043658407,-0.9049666299456973,-0.9042951637482545,-0.9034244192253584,-0.9043657571790785,-0.9040871217090769,-0.9040044926986693,-0.9045107859767939,-0.9048472182707926,-0.9038783068994565,-0.9027758079703214,-0.9034003607824705,-0.902801929235672,-0.9024197192720244,-0.9025502522984926,-0.9027199417958643,-0.9039747992791587,-0.9025399512025615,-0.9033695987176997,-0.9024126382125179,-0.904215005837139,-0.9042508364821772,-0.9036306066354883,-0.9023313011638087,-0.9019902234237467,-0.9020386498064349,-0.9016791322802866,-0.9011018804509445,-0.9010291159684208,-0.9003960486071192,-0.901151978532605,-0.900750686308867,-0.9012920452059346,-0.9024830145616719,-0.9031942118407654,-0.9034247930135049,-0.9032443204362305,-0.903611663776719,-0.9031817231499525,-0.9025549036724996,-0.9015107750470723,-0.9002872356237059,0.0,0.0,0.0,0.0,0.0,0.0,0.0
0.0,0.0,0.0,0.0,0.0,0.0,0.0,0.0,-0.9009152582522073,-0.9004259106357918,-0.8999528434342493,-0.9004762556909902,-0.9012170333916942,-0.9019374428080655,-0.9022966747311638,-0.9028879596029721,-0.9024438296200166,-0.9030238574498419,-0.9031781524293566,-0.9026920306246857,-0.9028824723621587,-0.9023916612683447,-0.9023933842755366,-0.902435383332155,-0.9030726734499862,-0.9032118798006219,-0.9032948294429732,-0.9029348292791788,-0.9019001427584042,-0.9011007486583992,-0.9012402260920584,-0.9020497057026635,-0.9013822519291405,-0.9020592348371883,-0.9031215339797709,-0.9029400200681127,-0.9041468898285121,-0.905068500070797,-0.9052440655934693,-0.9041370345202546,-0.9037578566197977,-0.9033504191018901,-0.9047250221653512,-0.9054769295868678,-0.9054610226905251,-0.90550512960803,-0.9046019241417937,-0.9029656298927751,-0.9023011111686257,-0.9030808944972342,-0.9032527412465341,-0.9028390602846902,-0.9034932103208746,-0.9037892286338056,-0.9028442008515126,-0.9028057354272319,-0.9037880015389214,-0.9038591281118408,-0.9038211211342837,-0.9040596028432468,-0.9027847179154745,-0.9013027703647631,-0.9024641868267373,-0.9016487138038775,-0.9011670498476919,-0.9010662672647812,-0.9011678102306558,-0.9008117026630632,-0.9007106642784808,-0.9018768425747077,-0.9021409182226913,-0.9030250474613251,-0.9023597306078216,-0.9020032502913315,-0.902514567377103,-0.9025703179117575,-0.9017542880193447,-0.90082527107527,-0.8982972338713456,0.0,0.0,0.0,0.0,0.0,0.0,0.0
0.0,0.0,0.0,0.0,0.0,0.0,0.0,0.0,-0.9000225511718927,-0.8994882162130041,-0.8999760600380959,-0.900140211431666,-0.9011788358037802,-0.9023195356924641,-0.9025753077440665,-0.902730200630615,-0.9022163205901378,-0.9011630468130457,-0.9023571591577948,-0.9021427425134647,-0.9024758594783434,-0.9025510943957038,-0.9024909533047194,-0.9016982241360528,-0.9014791420165631,-0.9023045173143651,-0.9028652319422338,-0.9026257132289317,-0.9019486264208816,-0.9019474637179449,-0.9015869753552824,-0.9015390267402276,-0.9022190680958525,-0.9020665019626036,-0.9026623566789108,-0.9023183278752981,-0.9032901631527046,-0.9036461187898964,-0.9034243777431782,-0.903747015558825,-0.9038490775203439,-0.9045444460245079,-0.9045384701425835,-0.9042248883085368,-0.9049958042074328,-0.905424634849524,-0.90492993036932,-0.9041384094666035,-0.9030755263088501,-0.9039466594239313,-0.9034599148119877,-0.9031412697745717,-0.9029274265723641,-0.9039788079677605,-0.9031181052696174,-0.9037228225412074,-0.9043877574401573,-0.9043314889547807,-0.9039787221402671,-0.9027411625901068,-0.9033457907236788,-0.9029624356100657,-0.9023995486757496,-0.901290846139155,-0.9018232936017374,-0.9020327099520705,-0.9019956555940635,-0.9013034353623883,-0.9011563530623627,-0.9012668821836676,-0.9022689621255632,-0.9025907261395966,-0.9027863774650134,-0.902303990806578,-0.9013795533605607,-0.9017239452638831,-0.9014437906175188,-0.9003646278172879,-0.8973665923036896,0.0,0.0,0.0,0.0,0.0,0.0,0.0
0.0,0.0,0.0,0.0,0.0,0.0,0.0,0.0,-0.9000335865778526,-0.9002586886780725,-0.9006946564636712,-0.9009039447402651,-0.901913714282463,-0.9023004184556085,-0.9022179782645804,-0.9024908002115661,-0.9019514283331388,-0.9015740754310129,-0.9021187709376894,-0.9028568766287894,-0.9028336708504664,-0.9029465017698747,-0.9018032238574036,-0.9024843870854704,-0.9012062452338799,-0.9021743267475494,-0.9026711026622318,-0.9021523768573191,-0.9020678277335782,-0.9017569152909807,-0.9015954620246631,-0.9015776576941332,-0.9023828355294043,-0.902095127268654,-0.9022629182599483,-0.9019211126234964,-0.9027291094093038,-0.9033085506798681,-0.9034697510303028,-0.9032480207011852,-0.9034203217731214,-0.9039556967365117,-0.9047967957397051,-0.9055022342915834,-0.9057229706011548,-0.9066750952118219,-0.9056383915747689,-0.9047254236668547,-0.9046653959568729,-0.9042667668916259,-0.9038778685815171,-0.904038379308852,-0.9038540527993725,-0.9041273151338004,-0.9045704493075362,-0.9045618432223769,-0.904216692014567,-0.9051796006986582,-0.9044072931986404,-0.902794984388703,-0.9028689768071193,-0.9025083925934724,-0.9020329573629849,-0.9019121891466504,-0.9025162709231717,-0.9022448730069609,-0.9022871160657149,-0.9009135635410572,-0.9016681638278713,-0.9016345377747782,-0.9015000636919667,-0.9023029627877437,-0.9026288186863619,-0.9021936191682753,-0.9024731200009115,-0.9017458762572945,-0.9009325375870668,-0.8982540271066766,-0.8965767391625195,0.0,0.0,0.0,0.0,0.0,0.0,0.0
0.0,0.0,0.0,0.0,0.0,0.0,0.0,0.0,-0.899731047646689,-0.9006499439448359,-0.9010169820029004,-0.9016820772835494,-0.9022646121969523,-0.902326160532703,-0.9023910173001223,-0.9021537669937626,-0.9025049679519179,-0.9016981316945858,-0.9015736855232428,-0.9026853032021868,-0.9023156441946268,-0.9024173268031875,-0.9018791265857007,-0.9028348276661231,-0.9025429550002388,-0.9025148074825287,-0.9022956763897048,-0.9025129677610214,-0.9011747483746474,-0.9018104327795045,-0.9017112455287878,-0.9018415047529992,-0.9029292927101107,-0.9020851202008462,-0.9013912577858907,-0.9013621274857098,-0.9008988661466845,-0.9020951183470981,-0.9026111066643973,-0.9033354994139186,-0.9040972042676295,-0.9039486938680216,-0.9044484611305699,-0.9044837050238194,-0.9046330006434429,-0.9052154169312905,-0.9052520197646713,-0.9051896196602045,-0.9046494365563633,-0.9047226259563699,-0.9043117651303453,-0.9046135120631494,-0.9046663215072741,-0.904563763186612,-0.9039114891059122,-0.9048915248854862,-0.9044471016004791,-0.9049029375237359,-0.9040906254014676,-0.9029837428178732,-0.9020429619204255,-0.9018724300515278,-0.9020646435952943,-0.9024375990495889,-0.9016451657589057,-0.9023247003535197,-0.9006557105304658,-0.9011524319127034,-0.9008874349700302,-0.9013536030484615,-0.9017527691819438,-0.9025947219438761,-0.9033090548226271,-0.9031827346202362,-0.9027761082831931,-0.9032350227779373,-0.9019747114866054,-0.8995810604796588,-0.8976194650775597,0.0,0.0,0.0,0.0,0.0,0.0,0.0
0.0,0.0,0.0,0.0,0.0,0.0,0.0,0.0,-0.9011779047275468,-0.9022257551003081,-0.9020697452116887,-0.9023986821399073,-0.9025445659034463,-0.9023651484251366,-0.9029801266422051,-0.9031141971052516,-0.9024653922733437,-0.9025266169054879,-0.9021930084334805,-0.9026629786642747,-0.9019941383073325,-0.9032979066172225,-0.9036316290205223,-0.9039598097665686,-0.904119705952353,-0.9030618492265153,-0.9021703287979049,-0.9020492686462207,-0.9020007492570301,-0.9026882874541509,-0.9025822288246318,-0.9025115352062341,-0.9024726307616118,-0.9016915371349735,-0.9009230142369464,-0.9017742875724897,-0.9008955439081137,-0.901523053830198,-0.9026259713257261,-0.9026848793456451,-0.9031425604885056,-0.9033759850615691,-0.9037361400545699,-0.9037530758603503,-0.9046832732925094,-0.9049487834419833,-0.9044085596707806,-0.9043120962234581,-0.9056127993020108,-0.9045297931485826,-0.9047060682172422,-0.904582808042245,-0.9047455844416675,-0.9049493257651717,-0.9036207556695841,-0.9047535957071887,-0.9041888676942529,-0.9036636259850205,-0.9043263666085775,-0.9030650386768332,-0.9029990261200936,-0.9023853002185892,-0.9030893583677838,-0.9030841989296667,-0.9034728046996979,-0.902850579511466,-0.9022530912346128,-0.9019629927594892,-0.9019790934096611,-0.9026661375859392,-0.9015854577309395,-0.902235186612675,-0.9026635790115405,-0.902890162669723,-0.9031579043955472,-0.902349748918389,-0.9016624261676915,-0.9002146459635381,-0.8990059711196856,0.0,0.0,0.0,0.0,0.0,0.0,0.0
0.0,0.0,0.0,0.0,0.0,0.0,0.0,0.0,-0.9020716931774628,-0.9028001113871611,-0.9020203036453246,-0.9022206954468226,-0.9019509345810394,-0.9024915055838109,-0.9027067194442966,-0.9038090005836658,-0.9039155073901092,-0.9036812096651968,-0.9037823158130508,-0.9033796585139224,-0.9030017624696853,-0.9030063069521596,-0.903233815640775,-0.9031883070567325,-0.9035448704154644,-0.9028765297970347,-0.9014219845975987,-0.9027082549322283,-0.9027269196232587,-0.90288107110688,-0.9022809909251126,-0.9010996345857133,-0.9022924513314353,-0.902372414498904,-0.901862948725598,-0.9012032259954178,-0.9007363634144593,-0.900941386407301,-0.9011627151917676,-0.9015635743568541,-0.9024385694971223,-0.9023338566480369,-0.9031462195165545,-0.9039862349225264,-0.9041269814059216,-0.9037247441635369,-0.9041410642493927,-0.9048981062789441,-0.9048766415663946,-0.9050059255555544,-0.9047723223024288,-0.904669799870066,-0.9040415684817653,-0.9052085257028233,-0.9045379351803166,-0.9041517813356897,-0.9042741188913823,-0.9040038892543993,-0.9043145971689944,-0.9042246008257266,-0.9038470832931788,-0.9037427760503326,-0.9027546437749183,-0.9030127099299996,-0.9032207003303078,-0.903281323317819,-0.9032359248419038,-0.9032216914726953,-0.9034898146002629,-0.9025364999271693,-0.9036613476321078,-0.9027484267808428,-0.9027286092893415,-0.9009836163821108,-0.9019346584435428,-0.9016149191704662,-0.9006069725243518,-0.8992572552981667,-0.897145002340999,0.0,0.0,0.0,0.0,0.0,0.0,0.0
0.0,0.0,0.0,0.0,0.0,0.0,0.0,0.0,-0.9016052681316031,-0.9025221787349947,-0.902330064706269,-0.9027663861420727,-0.9025650500520047,-0.9026706703914894,-0.9026989386598653,-0.9035117495332542,-0.9041664327793325,-0.9042019732830598,-0.9041541454260217,-0.9038087708128641,-0.903240372782638,-0.9025426756567387,-0.902518298311357,-0.9017587460788485,-0.9031093240846201,-0.9030199751651314,-0.9028111459346134,-0.901893638097481,-0.9020458374557313,-0.9026557038527055,-0.9022546828653515,-0.9016421561524772,-0.9009037229513936,-0.9017432122004423,-0.9003696827292804,-0.9007430782845592,-0.9009390891176969,-0.9003331321032987,-0.9001880548175076,-0.900281079368452,-0.9012774947798141,-0.9003864634593383,-0.9014595625097344,-0.9026165340599466,-0.9029469902988072,-0.9035878813891641,-0.9038915183854296,-0.9050985619858792,-0.9055189340543538,-0.9050687129244103,-0.9054296826395625,-0.9052937446343534,-0.9052035380292937,-0.9050323923436713,-0.9042054043270489,-0.9045350200463517,-0.9053644795449823,-0.905206225810941,-0.9040835408284678,-0.9049235265654199,-0.9044944647134151,-0.9037787427742068,-0.9041686271677523,-0.9031061905179103,-0.9025106610754697,-0.902783836493406,-0.9027010500124404,-0.9031013592076166,-0.9040454589106323,-0.9028283805652358,-0.9031025686683993,-0.9033515801548875,-0.9024964842800263,-0.9022425405711911,-0.9017445870624216,-0.9018305709155229,-0.900674437952152,-0.8993870636871741,-0.8975630740434282,0.0,0.0,0.0,0.0,0.0,0.0,0.0
0.0,0.0,0.0,0.0,0.0,0.0,0.0,0.0,-0.9021789990297594,-0.9032747942629958,-0.9027597543849728,-0.9029443290396842,-0.9027953645321325,-0.9029149503341948,-0.9029237125546742,-0.9035126054131425,-0.9042769600747032,-0.904133193715204,-0.90371120221839,-0.9037724588447327,-0.9023369552571406,-0.9028912044903503,-0.9028104179523465,-0.9020795859477826,-0.9021393755690637,-0.9027865375348387,-0.902410140730911,-0.9023013139815393,-0.9033405448087011,-0.9038069186894855,-0.9019979411860231,-0.9011830625706135,-0.9011535579997713,-0.9005470065229588,-0.8996672479400497,-0.9007781608704051,-0.900237783387625,-0.8999069943679098,-0.9003393807298824,-0.9010876577456264,-0.9009648845929064,-0.9006659186101083,-0.9015093390203833,-0.9012538319765723,-0.9023128153344896,-0.9039360684291036,-0.9045206630277216,-0.905701965188736,-0.90480221983611,-0.9045122994140925,-0.9051862323276049,-0.9055987784104733,-0.9058624166502469,-0.9043685317197027,-0.9052106128732297,-0.9052112312863312,-0.9040060740657389,-0.903908709046008,-0.9034604215377142,-0.9039620503182532,-0.9046376658951286,-0.9044748988617266,-0.9034119927247707,-0.9038707708024787,-0.9037751966689076,-0.9034802316522672,-0.9038134214645065,-0.9036448923196508,-0.9032262242855192,-0.9035312950242401,-0.9027675781604843,-0.9024036536642732,-0.9024729092277631,-0.9021411548156878,-0.9019936600039336,-0.9013641155939214,-0.8997262235891366,-0.8980703462775891,-0.8962702566732819,0.0,0.0,0.0,0.0,0.0,0.0,0.0
0.0,0.0,0.0,0.0,0.0,0.0,0.0,0.0,-0.9029125636039596,-0.9032552384385327,-0.902914436553501,-0.9025959698680025,-0.9027100729461115,-0.9033442078240335,-0.9041798047942525,-0.904362006575478,-0.9042263949947783,-0.9045902945879369,-0.9038414819578541,-0.9030338918054,-0.9023177430758275,-0.9025468475426416,-0.9027261315321157,-0.9021294286878015,-0.9025332553033582,-0.902820077737831,-0.9022440124892804,-0.9024625393639155,-0.9028388111522373,-0.9027739861093631,-0.901499746017562,-0.9014856687885895,-0.9008108056669624,-0.8998277257018378,-0.8996751174303081,-0.9005086445830235,-0.9002653410414051,-0.9000146178129355,-0.8999762477679233,-0.901098177275745,-0.900415725039327,-0.900443370525322,-0.9012024199679668,-0.9015627162066495,-0.9032448727111702,-0.904141321742805,-0.9047328928974423,-0.9043460895169187,-0.9042457636650056,-0.9045792979719253,-0.905674117766823,-0.9058067881690587,-0.9061405744056794,-0.9041666081097367,-0.9049268274931799,-0.9041197980247255,-0.9044293374245904,-0.9051921248172731,-0.9050434379335236,-0.9041314948699454,-0.9038969635406467,-0.9038468797691895,-0.9035535742748917,-0.9039058117303678,-0.9036972709413352,-0.9038903453387223,-0.9033936500560105,-0.9033710208861889,-0.9036182175313402,-0.9040566868763339,-0.9043178473905219,-0.9026944987274037,-0.9017697010752284,-0.9019744506515234,-0.901594412758291,-0.9009334217944106,-0.8992016954921843,-0.8957226656581165,-0.8913231486579996,0.0,0.0,0.0,0.0,0.0,0.0,0.0
0.0,0.0,0.0,0.0,0.0,0.0,0.0,0.0,-0.9029217749416806,-0.9026522000716585,-0.9021763486918519,-0.9029467992895046,-0.9026283755287055,-0.9027034820353179,-0.9030220240347216,-0.9030779914797163,-0.9027792057710932,-0.9043482897540106,-0.9043818298346404,-0.9024833668856963,-0.9028926585378956,-0.9026440487667955,-0.9027283494820705,-0.9023601415646746,-0.9027045533325173,-0.9022476124271851,-0.9025914872519737,-0.9026066961864666,-0.9028755018350716,-0.9032410287008237,-0.9022064735346742,-0.9014428541308767,-0.9008788108360108,-0.9011885437152177,-0.9007284844012925,-0.9001995063040034,-0.9006213269608881,-0.9009105320315813,-0.9003043072894933,-0.9004262041425553,-0.9006759756482993,-0.9007524758101699,-0.9015075748085128,-0.9025225054629944,-0.902670576807137,-0.9037712866984595,-0.9041646438088172,-0.9024440149682813,-0.9034242479971324,-0.9038981173706265,-0.9052079508710981,-0.9056356544342985,-0.9056678023579736,-0.9056507853628061,-0.9044928976888659,-0.9041137951925635,-0.9041259468860217,-0.9042500676952011,-0.9052443597532819,-0.9048436968723492,-0.9041828951899437,-0.9041589770863665,-0.9048374640179597,-0.9051911679035675,-0.9052886424993112,-0.9047125497743295,-0.9039361094711807,-0.9042239306868932,-0.9045654900073924,-0.9048207061753142,-0.9042504767212552,-0.9042915217336195,-0.9035561665662583,-0.9026396707611288,-0.9017871317965753,-0.9005842211059986,-0.8991191614591578,-0.8958390610481124,-0.8933823303566876,0.0,0.0,0.0,0.0,0.0,0.0,0.0
0.0,0.0,0.0,0.0,0.0,0.0,0.0,0.0,-0.9027555232053875,-0.9025608987610412,-0.9023397723977483,-0.9025259295953582,-0.9029757034875325,-0.9032421060092563,-0.9040049932160694,-0.9027090053389241,-0.9026653917175397,-0.9032356531701206,-0.9041133121709788,-0.9035200787888347,-0.9036061749814115,-0.9028405997559248,-0.9029117043022705,-0.9023981616510433,-0.9021318743766942,-0.9020438565946503,-0.9020447498662214,-0.9019919542841803,-0.9016773647739095,-0.9023163878643585,-0.9019868148196443,-0.9022340819708462,-0.9020206001295734,-0.9019879157574711,-0.9026148199424743,-0.9014936091727113,-0.9013578784378359,-0.9015716117835274,-0.901096711676023,-0.9008079450984235,-0.9013533505909801,-0.9017397062990176,-0.9017260010761595,-0.9026442398212148,-0.9030972156571156,-0.9028365196209935,-0.9021646388462413,-0.9018919628763112,-0.9033667392803747,-0.9039066261317645,-0.9043606979351889,-0.9045399042197437,-0.9042012683985123,-0.9050032732180782,-0.9043474352754259,-0.9044855930744417,-0.9054259210226907,-0.9043783788103045,-0.904208762882728,-0.9042083534158694,-0.9047449944889919,-0.9043449335610596,-0.9042488119673416,-0.9040092600554932,-0.904010513796101,-0.9036325446573724,-0.9039158334576942,-0.9042011690249142,-0.9032301321422312,-0.9041062510809015,-0.903366200526005,-0.9030689159033461,-0.9032523759133354,-0.9029212988966262,-0.9015992816449007,-0.8999418132984782,-0.8980554065932401,-0.8945301238467848,-0.8909762376219642,0.0,0.0,0.0,0.0,0.0,0.0,0.0
0.0,0.0,0.0,0.0,0.0,0.0,0.0,0.0,-0.9050203166119662,-0.90342263632374,-0.9026947372714059,-0.9025689963984985,-0.90328211097436,-0.9037443532531917,-0.9026881076405948,-0.9026245126540346,-0.9023483055997005,-0.9032352146300706,-0.9041558754911354,-0.9035721958942424,-0.9029429952835808,-0.9031511705535133,-0.9026499229236584,-0.9025767579512549,-0.9012545374509379,-0.9021331472320231,-0.9017340171478107,-0.9018301632734665,-0.9013573679312403,-0.9022354990423546,-0.9018777951544822,-0.9027747587327372,-0.9030739483125493,-0.9026126811546441,-0.9017850660305913,-0.9007013316604625,-0.9006803337422049,-0.9014118458504357,-0.9020524824361136,-0.9016526870127729,-0.9018991876223029,-0.9014746603235897,-0.9014509057440535,-0.9021504814257656,-0.9016178462843313,-0.9014616080562162,-0.9023300998010394,-0.9024472048916261,-0.9021971752761866,-0.9035845593897766,-0.9039351686132898,-0.9047986515121981,-0.9046504499155421,-0.904726357127022,-0.9048825649942759,-0.9043477044391334,-0.9050906002537843,-0.9044581569470153,-0.9049624661208776,-0.9032636470229256,-0.9041277569528958,-0.904459480805509,-0.9042931549926876,-0.9042941948334909,-0.9048189510790465,-0.904623196839572,-0.9036819398570712,-0.9039049918475431,-0.9031933455945618,-0.9034141302742807,-0.9035580870175374,-0.9038086929219227,-0.9029163390807867,-0.9027264278860665,-0.9015601700725796,-0.8997261664559199,-0.8989707350631325,-0.8960645557120845,-0.8926057184933204,0.0,0.0,0.0,0.0,0.0,0.0,0.0
0.0,0.0,0.0,0.0,0.0,0.0,0.0,0.0,-0.905153008853978,-0.9032160512268468,-0.9031540177193638,-0.9034271347106115,-0.902713641957247,-0.9019849458543786,-0.9029347201238895,-0.9035027410724631,-0.9029951442882515,-0.9029764336948343,-0.9036720742378432,-0.9030855411501262,-0.9029465580603492,-0.9023228922265125,-0.9024943699067954,-0.9010214918335893,-0.901896424996779,-0.9024684149339425,-0.9018140216880193,-0.9020244606211806,-0.9020108157587478,-0.9024516607292794,-0.9020347349472543,-0.9029460849610081,-0.9030381789824652,-0.9028435288049874,-0.9009812876257309,-0.9009331781427883,-0.9009028271072769,-0.9014352038061749,-0.9029960840434978,-0.9033387056158272,-0.9032002647004839,-0.9024169166491922,-0.9031845399380866,-0.9031404939452142,-0.9028283936626221,-0.9028511213040373,-0.902511135736114,-0.9024657032340548,-0.9028320510506326,-0.9026884097898508,-0.9030687290574896,-0.9027901125260512,-0.9030459792970003,-0.9036156076181026,-0.9043491513310994,-0.9045449249095967,-0.9042183388211226,-0.9046485024962115,-0.9050112064732346,-0.9046698331693982,-0.9041311370419917,-0.9043296430138342,-0.9046133494468277,-0.9033496530656638,-0.9043500598417812,-0.9038441649395943,-0.9033257969420369,-0.9020368725210122,-0.9023801511117648,-0.9049040319544589,-0.9049374038076219,-0.9032677017328415,-0.9036132652924782,-0.9019623304130856,-0.9010130083253102,-0.9005376615116456,-0.8986056668299537,-0.8961388796613774,-0.8923800552784709,0.0,0.0,0.0,0.0,0.0,0.0,0.0
0.0,0.0,0.0,0.0,0.0,0.0,0.0,0.0,-0.9039271174196783,-0.9021221318609679,-0.9021271424966252,-0.9024100879826731,-0.90301677338361,-0.9026488669169763,-0.9026815094211296,-0.9026401381061268,-0.9030844618587017,-0.9035053258157056,-0.9032144968329407,-0.9025638752529006,-0.9027567477456344,-0.9029444216563575,-0.9018982702698113,-0.9013343982187177,-0.9009539742032195,-0.9023676501596326,-0.9024503447603504,-0.9021596675216977,-0.9026125806324248,-0.902506729617394,-0.9027495085169679,-0.9036152841566218,-0.9027178741239884,-0.9025850358976806,-0.9018588923887151,-0.9025776970518781,-0.9025654088223144,-0.9029044352877695,-0.9039732125503366,-0.9028404230297438,-0.9030697675680339,-0.9037261424800735,-0.9045724578793167,-0.9043275781625332,-0.9031154465699521,-0.9032617419455327,-0.903263733321069,-0.9032648284134257,-0.9023255038851922,-0.9027412289766064,-0.9022231697699001,-0.9023171002649596,-0.9019541488806473,-0.9025472321621615,-0.9033557389370643,-0.9027717331081434,-0.9046632957250024,-0.904813883679689,-0.9049838824478013,-0.9037312799906188,-0.904187298828166,-0.9038594268830297,-0.9035042292533605,-0.9040856500567737,-0.9050270166064414,-0.9041367620464767,-0.9031717220886952,-0.9023605671492804,-0.9019348759774745,-0.9020573505804356,-0.9024100587173258,-0.9033466757856634,-0.9018429713710963,-0.9018642132165479,-0.9016178358204895,-0.8998120515470017,-0.8987280859128639,-0.89614406651429,-0.8933795251179314,0.0,0.0,0.0,0.0,0.0,0.0,0.0
0.0,0.0,0.0,0.0,0.0,0.0,0.0,0.0,-0.9022778550847548,-0.9012459244281777,-0.9016100923325611,-0.9019422513447948,-0.9024153125526055,-0.9022492382622802,-0.9011729228229084,-0.9017144153532183,-0.9028722566189135,-0.9034060976351157,-0.903163057764095,-0.9018292236994696,-0.9016118207407416,-0.9012317498401076,-0.9015015499862394,-0.9007246283273389,-0.9007693307448768,-0.9013999875672087,-0.9021065715214553,-0.9028933963056482,-0.9024540755584415,-0.902581398354182,-0.9032890945249754,-0.9037853976037302,-0.9041874096989808,-0.9035220828016575,-0.9041668270000249,-0.9027381641604438,-0.9037594478508266,-0.9043228492970622,-0.9044373446409579,-0.9039634258227158,-0.9041890743852248,-0.9041222991982337,-0.9044004490693417,-0.9031929261618679,-0.9024882506864422,-0.903676160434826,-0.9030976199510444,-0.9030008639552117,-0.9030154681903123,-0.9029093007096403,-0.901948307321772,-0.900897187522657,-0.9012067027621801,-0.9019405231491859,-0.9014922592861663,-0.9021357380596795,-0.902930000500128,-0.9035743210259259,-0.9032838831583069,-0.903171335889101,-0.9027915403540746,-0.9034245785494207,-0.9020120249764899,-0.9035130106380136,-0.9036677256678447,-0.9022969512847058,-0.9023538850257529,-0.9014391316823293,-0.9018079237522868,-0.9020408776660769,-0.9022113272694332,-0.9018654324550394,-0.9019080996923278,-0.9009169580683767,-0.900470727801735,-0.9004676575395492,-0.8993363550063308,-0.8966893272208742,-0.8941606068373231,0.0,0.0,0.0,0.0,0.0,0.0,0.0
0.0,0.0,0.0,0.0,0.0,0.0,0.0,0.0,-0.9019445057660577,-0.9012824556105301,-0.9018919140242058,-0.9021518901184972,-0.901855363551339,-0.9018180016920663,-0.9017071619634105,-0.9020661222435777,-0.9019716323048108,-0.9027342335882125,-0.9032108969584711,-0.9028605338041098,-0.9024955661283481,-0.9021946122596505,-0.9019252542706494,-0.9013972908919395,-0.9015244252042639,-0.9032977870112626,-0.903279680389432,-0.9031113301935458,-0.9032880469417941,-0.9037306343140208,-0.904731486105573,-0.9049707927603758,-0.9051977859319373,-0.9032201379468395,-0.9026507003290767,-0.9033086069503049,-0.9043264018996842,-0.9045315213038412,-0.9048946717845505,-0.9046036798912067,-0.9053684298519802,-0.9050895298971664,-0.9047076528459488,-0.9034867630289222,-0.9026353424871826,-0.9019432371923665,-0.9025848441049452,-0.902333948960826,-0.9024549547781261,-0.9025421623801758,-0.9013836604749103,-0.9000265858222284,-0.8997720747513037,-0.9021335106577086,-0.9014790439465922,-0.9013357740034532,-0.9012217401674828,-0.9012345977320854,-0.901513863449543,-0.902213076774491,-0.902796404527786,-0.9034000298399613,-0.9056415759308027,-0.9042527632396568,-0.9035471022597354,-0.9023663542806394,-0.9024948707280899,-0.9002592569109773,-0.9007667631596419,-0.9004660360492502,-0.9007792801907738,-0.9014927277614525,-0.9013489493468739,-0.9005351834177847,-0.9013280582691158,-0.901721719535832,-0.9007471041847299,-0.8982309974996562,-0.8956802098768353,0.0,0.0,0.0,0.0,0.0,0.0,0.0
0.0,0.0,0.0,0.0,0.0,0.0,0.0,0.0,-0.8985606490374892,-0.8993070120433447,-0.9006920655622954,-0.9012542962896984,-0.9020031357815627,-0.9024433706811208,-0.9020898178805489,-0.9020419246603378,-0.9024694527960486,-0.9025935373905766,-0.9034149963513454,-0.9036591098452456,-0.9033933682394061,-0.9037260351876222,-0.9023142083874048,-0.9029530599142849,-0.902526319877054,-0.9031456049606194,-0.9037668334376722,-0.9024566458903737,-0.9031605353209238,-0.9034590059826437,-0.9035396582756353,-0.9037394353661226,-0.9041140175375657,-0.9039193829146682,-0.9041427930791673,-0.9028184887674189,-0.9034878480338169,-0.9038457018998673,-0.9041766821650347,-0.9038527246172245,-0.903851851319555,-0.9045282959483032,-0.9037614942067852,-0.9042209643543271,-0.9024631233220346,-0.9021975389198783,-0.9018080732728663,-0.9014208255658895,-0.9006702762872513,-0.9009173899444854,-0.9005526349380171,-0.9002633015917837,-0.8998474428638703,-0.9017510391679436,-0.9021831296485775,-0.9016713222891468,-0.9010647377522762,-0.9018148238308498,-0.9024403816353119,-0.9026851226529616,-0.9032225618280397,-0.9043433865236417,-0.9038291466561098,-0.9032901996597298,-0.9031573056669526,-0.9028357240489238,-0.902433167185888,-0.9014338245133653,-0.9017761614182764,-0.9009077119943883,-0.9000477604176437,-0.9013225465227713,-0.901299131492198,-0.9009781158227979,-0.900700492899932,-0.9004409934248347,-0.8985663242780415,-0.8952956217064002,-0.8911143224549741,0.0,0.0,0.0,0.0,0.0,0.0,0.0
0.0,0.0,0.0,0.0,0.0,0.0,0.0,0.0,-0.8998376594558499,-0.9001536691979374,-0.9003214684899261,-0.9006808773561966,-0.9016411213692,-0.9013744486729798,-0.903132444419768,-0.9032065854042549,-0.9030641236306396,-0.9025705823587641,-0.9030112825093031,-0.9027453764013532,-0.9026780398545479,-0.9018206948335006,-0.903234731756973,-0.9035359311074582,-0.9030702252493463,-0.9030529655891095,-0.9035407171215135,-0.9023129331603028,-0.9022220582126701,-0.9024560196719099,-0.9023413646974071,-0.9034259959231343,-0.9039226865192119,-0.9040788513227155,-0.9044795132092065,-0.90408994779307,-0.9041735806499517,-0.9026042887068109,-0.9033217171899203,-0.902494935916315,-0.9032354861699038,-0.9048514480230161,-0.905117816668128,-0.903933939570166,-0.9026221791570264,-0.9023040799925494,-0.9012716273445701,-0.9010816925901247,-0.9002775319875858,-0.9002723972860639,-0.9008628723224771,-0.9010504593228305,-0.9012957451489032,-0.9019651029946328,-0.9010710941555619,-0.9007496730671818,-0.9016128829389402,-0.9021255329204105,-0.9025707488538978,-0.9031204566915362,-0.9031207052981943,-0.9023310053419473,-0.9025164532179291,-0.902486390104375,-0.9022051178920161,-0.9027112126878197,-0.9028064207499084,-0.9027733410509788,-0.9019549760146987,-0.9014084126532697,-0.9015383040022904,-0.9025987004589583,-0.9026980132774113,-0.9020478056234434,-0.9014752242017595,-0.8995209800889787,-0.8984244804720468,-0.8961590632701051,-0.8924727939555487,0.0,0.0,0.0,0.0,0.0,0.0,0.0
0.0,0.0,0.0,0.0,0.0,0.0,0.0,0.0,-0.8990983220304131,-0.900584341235147,-0.9009305057918923,-0.9018291100882,-0.9018318076002474,-0.9020561477368879,-0.9027872408991874,-0.9029203659992855,-0.9030734999474834,-0.9034258417803733,-0.9030286108019017,-0.9025169697082678,-0.902545610328539,-0.9028882762128557,-0.9028212066393932,-0.9027176792236756,-0.903185782996563,-0.903315102421188,-0.9034654544176348,-0.9033388227031927,-0.9025801606892416,-0.9025896077231881,-0.9030696216868266,-0.9038985288071484,-0.9035220130957371,-0.9036794857948368,-0.9047557513090793,-0.9048319287066638,-0.9045750478978416,-0.9027975659685914,-0.9024454112247293,-0.9019331062448223,-0.9034937527373231,-0.9043398162802319,-0.9046757031757514,-0.9044346246466783,-0.9031198405751703,-0.9032057516577641,-0.902452334837573,-0.9024849979901902,-0.9028915799039618,-0.9026457800717516,-0.9015281061969804,-0.9016345576037557,-0.9016052945584124,-0.9016629591730811,-0.9008488781098105,-0.9010631990792721,-0.9012395307074573,-0.9017459961099749,-0.9019147710070057,-0.9026465661858535,-0.90331370940345,-0.9026881131261985,-0.9025172899212439,-0.9030746544479284,-0.9022385149758031,-0.9021311610897846,-0.900916965387073,-0.9008454752696793,-0.9014390436512979,-0.9019167179131593,-0.9016650225811403,-0.90166223177338,-0.9016486048415164,-0.9022069273632993,-0.9012117345545758,-0.9009379361711309,-0.900802579165353,-0.8995583127399681,-0.8973044370090948,0.0,0.0,0.0,0.0,0.0,0.0,0.0
0.0,0.0,0.0,0.0,0.0,0.0,0.0,0.0,-0.9021461727077016,-0.9024648693565784,-0.9016249376716474,-0.9023322770413557,-0.9013652830183178,-0.9023867152395303,-0.9035447222165844,-0.9031133031284627,-0.9028885994713859,-0.9028679349939845,-0.902568405538905,-0.9024162838695174,-0.9024022508603712,-0.9025417760717583,-0.9039566756922669,-0.902934224806187,-0.9026497588428819,-0.902807926362465,-0.9018422858293982,-0.9027687167657341,-0.9036327814528428,-0.9035070493041576,-0.903984510816003,-0.9035517353061047,-0.9040011694792919,-0.9034491322269965,-0.903115904269963,-0.903417338704722,-0.903459351934232,-0.9022305339802745,-0.902702326923487,-0.9024738351276059,-0.9035781612142276,-0.9042628623288674,-0.9046608494836,-0.9042192932212252,-0.9032099531716896,-0.9024421053662394,-0.902368146642734,-0.9022683345988984,-0.9034723582283322,-0.9020403597346451,-0.9005335866462229,-0.9001948559434357,-0.9019031865286931,-0.9018812382188961,-0.902271395771754,-0.9020656481105518,-0.9021414456148746,-0.9017911236771221,-0.902089052568653,-0.901718306556991,-0.9026782885923343,-0.9023613910140382,-0.9022942538597396,-0.9021698714123192,-0.9029777365083674,-0.9024957482382602,-0.9014648409084199,-0.9016869870996693,-0.9012864719517115,-0.901562550557306,-0.901686050238407,-0.9014175868451338,-0.9023061546374829,-0.9022165727503387,-0.9029668777660835,-0.9031382013242237,-0.9033200559966819,-0.9012739436249007,-0.9006490935242574,0.0,0.0,0.0,0.0,0.0,0.0,0.0
0.0,0.0,0.0,0.0,0.0,0.0,0.0,0.0,-0.9013287629249603,-0.9013995717968877,-0.9017140692162291,-0.9024025134242493,-0.9017884259811386,-0.9026390289194492,-0.9030304962761816,-0.9028971806255138,-0.9027359090246989,-0.9033244407885954,-0.9033578533933373,-0.9031272029874835,-0.902566382318103,-0.9027851021263931,-0.9034244788755644,-0.903019201342645,-0.9028371397509941,-0.9020738837646551,-0.9034236855229583,-0.9038862290814305,-0.9041751381097711,-0.9046231315017993,-0.9037965655825634,-0.9033093247796674,-0.902290770729143,-0.9033474806023631,-0.9023971220210165,-0.90309362678409,-0.9030410942690481,-0.9028626186639188,-0.9011623867943187,-0.903155326421001,-0.9027886502689605,-0.904226663349781,-0.9031792431018112,-0.9036225251919477,-0.9038099141581633,-0.9030432917518415,-0.9035371011349561,-0.903378699143562,-0.9016182010129017,-0.9006845006767142,-0.9010141606515404,-0.9025269988224548,-0.9017899869895917,-0.9019850860851621,-0.9018098698035953,-0.9023131253416962,-0.9024418647885271,-0.901809133097438,-0.9022509062133537,-0.9008787259528229,-0.9010683168942956,-0.9015980130562552,-0.9022153645134325,-0.9021534156270486,-0.9018146874598921,-0.9026292908032484,-0.9024141708685641,-0.9019302308214895,-0.9021600514941974,-0.9022547358926023,-0.9022839611669206,-0.9021890767562716,-0.9016137063415025,-0.9021731790685434,-0.9019934752272224,-0.9018564269029459,-0.9025605270400301,-0.9012928468577052,-0.899323514539726,0.0,0.0,0.0,0.0,0.0,0.0,0.0
0.0,0.0,0.0,0.0,0.0,0.0,0.0,0.0,-0.9017731119001486,-0.9015952108571785,-0.9015136875934436,-0.9013673162553333,-0.9019704719812685,-0.9024938095996821,-0.9028186760202761,-0.9033936871291989,-0.9020099329685406,-0.9030859142412306,-0.9030674074927323,-0.9032778819963665,-0.9032722573601016,-0.9034479290122547,-0.9043866321054048,-0.9032899590543947,-0.9034883984919507,-0.9033033326504019,-0.9028611028288726,-0.9028052096697736,-0.9038261744845065,-0.9030538491414878,-0.9033877298761814,-0.90239499824391,-0.9020095139509501,-0.9022825026915416,-0.901720476707498,-0.9034464462437016,-0.9035585920155556,-0.9041905228959258,-0.903349660633256,-0.9033248004089361,-0.9027539133570328,-0.9031907914611702,-0.9030808650473651,-0.9033557013072525,-0.9032384677573848,-0.903371641374449,-0.9030913284371184,-0.9026498892798454,-0.9021845086889132,-0.9022453355440737,-0.9022882221132362,-0.901735956402257,-0.902254868981921,-0.902342171626596,-0.9017882253518723,-0.9008406968476579,-0.9011190468874903,-0.9010909414969258,-0.9013529455602547,-0.9010771807120254,-0.9010851425709657,-0.902019202706522,-0.9018189430157918,-0.9024428362604731,-0.9018308286317096,-0.9022294701161474,-0.9033760549564515,-0.9025900605611281,-0.9011477707423673,-0.9018483732640753,-0.9020834188364231,-0.9031184675604774,-0.902786015920753,-0.9011784229814406,-0.9018150222287759,-0.9030562405116739,-0.9027609146245156,-0.9023605784463897,-0.9019576836638435,0.0,0.0,0.0,0.0,0.0,0.0,0.0
0.0,0.0,0.0,0.0,0.0,0.0,0.0,0.0,-0.9017415307595701,-0.9019151369936831,-0.9014375203460134,-0.9017518145146362,-0.9020507228809,-0.902718164782256,-0.9020419012866994,-0.902579698417049,-0.9030986144339481,-0.9029898732805034,-0.9025973330367434,-0.9038487684152369,-0.90257847965106,-0.9034386641854241,-0.9032829168322711,-0.9033992381477236,-0.9032368535338456,-0.9027516635700632,-0.9024669427192696,-0.9022190682576167,-0.9029316236706147,-0.9033679370688967,-0.9037924981747293,-0.9036787060545768,-0.9035721843131262,-0.9028378442846008,-0.9025648815419917,-0.9035177478596442,-0.902786910313733,-0.9030525948828686,-0.9037077864328378,-0.9032937866443616,-0.9031941112882657,-0.9031149255819132,-0.9030908694217215,-0.9024541179553657,-0.902711892899065,-0.9028321636173371,-0.9031332663614312,-0.9024893295729682,-0.9033116060063301,-0.9033726319672171,-0.90443109141426,-0.9034957859817506,-0.9026020935581893,-0.9023140160278902,-0.9023842343244296,-0.9011608513305543,-0.9021033847661452,-0.9021179007943425,-0.9025622598323139,-0.9010924258503578,-0.9011883899346218,-0.9011242811836226,-0.9016538043618922,-0.9023936181608573,-0.9036618063255076,-0.9044466697259865,-0.9037440309022274,-0.9027092667940292,-0.9022613854622727,-0.90148441397722,-0.901853375811593,-0.9015738937232293,-0.9030919862049614,-0.9031726690001728,-0.9024954229650876,-0.9025712198231338,-0.9020829911764725,-0.9018570648644573,-0.9006411661239384,0.0,0.0,0.0,0.0,0.0,0.0,0.0
0.0,0.0,0.0,0.0,0.0,0.0,0.0,0.0,-0.904988189903024,-0.903562260017241,-0.9028172122834047,-0.9030979702102053,-0.9033148733744818,-0.902736891028213,-0.9019659687361328,-0.9019887749854832,-0.9025544127979922,-0.9033592614959076,-0.9028315572192699,-0.9028894260440399,-0.9027101033009074,-0.9035675723899924,-0.9029012477004043,-0.9023173676186077,-0.9036773076131456,-0.9035893352705084,-0.9026091665605791,-0.9036125812613398,-0.9032627791887927,-0.9025166154620154,-0.9017150132822033,-0.9018167047580891,-0.9028950411493234,-0.9025251962948744,-0.9028996548445699,-0.9029824016149912,-0.9018564903292254,-0.9025046164034106,-0.904653732326286,-0.9046706074804791,-0.9037849384900605,-0.9037930200296668,-0.9026400378238112,-0.9024687509063731,-0.9020908316716962,-0.9026982684320441,-0.9032057978802572,-0.9031751421962033,-0.902967401753591,-0.9027924516557447,-0.9034537009544777,-0.9037052939362779,-0.9025996842275468,-0.9027826355436405,-0.9041765335387217,-0.9028511597334355,-0.9029942762806955,-0.9024195722810542,-0.9026647173477164,-0.9025327049871927,-0.9023003101870058,-0.9024944581118087,-0.9027371425698846,-0.9037233626385002,-0.9035857791726307,-0.903481689067891,-0.903276494436275,-0.9028581125766568,-0.9024598078644436,-0.9025791361739595,-0.9020685727515834,-0.9023273475649796,-0.9028167923829186,-0.9030023129925692,-0.9022676682035279,-0.9014465430952442,-0.9019835492607293,-0.9011437761962487,-0.9015048539455,0.0,0.0,0.0,0.0,0.0,0.0,0.0
0.0,0.0,0.0,0.0,0.0,0.0,0.0,0.0,-0.905776225165249,-0.9044443907209582,-0.9034092495953562,-0.9030801937838422,-0.9032180288392417,-0.9028420634333245,-0.9022204392428027,-0.902034113246775,-0.9021732844606977,-0.902257832746657,-0.9022328656262187,-0.9023039382602189,-0.9020449595655491,-0.9025078198532774,-0.9024638258365274,-0.9027371762710754,-0.9034663252326842,-0.9041902932888062,-0.9033847282405546,-0.9028170328432183,-0.9027004735387556,-0.9024926136839421,-0.9036179256256869,-0.9038477325518307,-0.9024176784659705,-0.9020082289215252,-0.90190394194134,-0.9025762155434909,-0.9038253493839339,-0.9035457194350559,-0.9042430124498674,-0.9047673414981638,-0.9039624901634378,-0.9033516732975423,-0.9030366009903878,-0.903134563082033,-0.9026918501750392,-0.9030820643960017,-0.9028397789154828,-0.9028419238133851,-0.9019456603891689,-0.9019057006786484,-0.9025894082861183,-0.9041521564268151,-0.9039306173376566,-0.9039402594409782,-0.9035500432199199,-0.9038382432294518,-0.9027053395586256,-0.9019846752008398,-0.9026027319797328,-0.9022768880959008,-0.9019603926737285,-0.9031312958993636,-0.9026162261471642,-0.9026846267145846,-0.9031770899817987,-0.9027829508105795,-0.9018331862898801,-0.9020065991381585,-0.9019088970540271,-0.9023088551591886,-0.9030821581744443,-0.9029345850064351,-0.9022652023955282,-0.9024341294156194,-0.9021624479369763,-0.9011185900344946,-0.900881735768044,-0.9001820381054653,-0.898334757415551,0.0,0.0,0.0,0.0,0.0,0.0,0.0
0.0,0.0,0.0,0.0,0.0,0.0,0.0,0.0,-0.9054186876418254,-0.9039636474349332,-0.9024797962473348,-0.9022633220646156,-0.9014198263725581,-0.9025724546854268,-0.9012330213362847,-0.9018162796832406,-0.9024469044578385,-0.9018800847509109,-0.9017999949525616,-0.901534226741285,-0.9018888238194326,-0.9019692389857235,-0.9024705324153974,-0.9027052206578421,-0.9034652351022849,-0.903227724416916,-0.9026529926590513,-0.903555409714931,-0.9033495477375817,-0.9027323179856279,-0.9031303454379074,-0.9026888459413391,-0.9026713399282901,-0.9028150679504156,-0.9035904553559542,-0.9026286542397195,-0.9037850401758636,-0.9049244546817299,-0.9048660138426569,-0.905034447295673,-0.903799937915835,-0.9031441322448086,-0.9034347694088718,-0.9036793977915295,-0.9030873258208045,-0.9033005653642489,-0.903572356738734,-0.9022906304470075,-0.9025938047523304,-0.9034649068914757,-0.9055722244128595,-0.9055068824071103,-0.9044512376085768,-0.9045004556856784,-0.903770499294564,-0.9031040026240583,-0.9032547187479342,-0.90331856451513,-0.9032888376810047,-0.9026525571987115,-0.9024281039872922,-0.9025384554577711,-0.901493624051674,-0.900863967300216,-0.9018486643851393,-0.9021897607389282,-0.9021901613134263,-0.9021459561785695,-0.9027043594446882,-0.9024248289940338,-0.9019386605943357,-0.9015077712045068,-0.9024333246496099,-0.9027560378592876,-0.9029885252425836,-0.9020882583154064,-0.9022276475297918,-0.9021847786656062,-0.9023568908977266,0.0,0.0,0.0,0.0,0.0,0.0,0.0
0.0,0.0,0.0,0.0,0.0,0.0,0.0,0.0,-0.9044987798063706,-0.9039919663622407,-0.9026171715865615,-0.9019216650285363,-0.9019310818090032,-0.901059728920044,-0.9014566908825921,-0.9019805385723804,-0.9017359446292066,-0.9020990404739578,-0.9024801948584944,-0.9019450879947775,-0.901442280943091,-0.9024280357108555,-0.9021647301384554,-0.9026323216919895,-0.9031006123503539,-0.9025223229490982,-0.9024018807527288,-0.9033070122971271,-0.9032255895310835,-0.9020706231277884,-0.9027341391686902,-0.9028472478942485,-0.9027454764335348,-0.9027912050489151,-0.9037433281281512,-0.9040106225961665,-0.9046781425999207,-0.9041655623093626,-0.9052525185620558,-0.9042202114997601,-0.9034411120658294,-0.9030942985621466,-0.9032125800535188,-0.903047154535883,-0.90341379018066,-0.903182850759139,-0.9032996541544147,-0.9032810201036776,-0.9033226094290275,-0.9030219993604963,-0.9050464519363511,-0.9045811116765805,-0.9042624138160475,-0.903740332982323,-0.903365064248326,-0.9025622590588195,-0.9037381708887902,-0.9031649379435315,-0.9033131336040822,-0.9029416119112845,-0.9030365126234996,-0.9025654964980653,-0.901466805758377,-0.90083001990326,-0.90089495026205,-0.9016330527332163,-0.9019550435301092,-0.9022531301713781,-0.902637898050839,-0.902023778418911,-0.9020294281733534,-0.9024071360264552,-0.9027766154186105,-0.9032821625459606,-0.9022697693723174,-0.9021255194826487,-0.9016339221838394,-0.9018659788850127,-0.8995821670162994,0.0,0.0,0.0,0.0,0.0,0.0,0.0
0.0,0.0,0.0,0.0,0.0,0.0,0.0,0.0,-0.9049088261208941,-0.9041791905728789,-0.9031427160770961,-0.9032649977810756,-0.9025234420489983,-0.9024391744032031,-0.9018781239537742,-0.9021242008279676,-0.9024153789190476,-0.9037129252276787,-0.9033471615968086,-0.9024207327514114,-0.9019520026940894,-0.9020982947228925,-0.9016877781601068,-0.9030713788878734,-0.9032837237293132,-0.9023732925022475,-0.902469948053244,-0.9029785309545203,-0.9036113517938439,-0.9032076435107014,-0.9023825614243395,-0.9029383493166311,-0.9032046557105414,-0.9032709432647938,-0.9031200637937353,-0.9044691636494463,-0.9044309353711327,-0.904154735925236,-0.9038585079206621,-0.9041070581322829,-0.9041353849380006,-0.9036169694352216,-0.9032903762365279,-0.9034083377521296,-0.9030596363612282,-0.9027122207368864,-0.9027049065521253,-0.9024158814583652,-0.9015037209188764,-0.9024681425450948,-0.9020873203468138,-0.9024127112844544,-0.9022886308515956,-0.9027339036683407,-0.9030793847235246,-0.9028899250794009,-0.9031829406679462,-0.9036639895540752,-0.9035625442560126,-0.902932160748106,-0.9024199695665286,-0.902740167019566,-0.9016662704652725,-0.9009036846352639,-0.9002581454353322,-0.9011587071158544,-0.901287116071999,-0.902717166210125,-0.902540293894685,-0.9028134135928603,-0.9030515735991013,-0.9025088627804365,-0.9025196267019829,-0.9031404657969209,-0.902665952103228,-0.9019371462604844,-0.901496973695182,-0.902214778445378,-0.9009662107000382,0.0,0.0,0.0,0.0,0.0,0.0,0.0
0.0,0.0,0.0,0.0,0.0,0.0,0.0,0.0,-0.9038985933448219,-0.9030930758223575,-0.9025263051647766,-0.9021639765496494,-0.902688809897411,-0.9025026174794533,-0.9031058164401455,-0.9018808004667989,-0.902873862885047,-0.9027011947771454,-0.9031506080936862,-0.9026530347401319,-0.9025853020050708,-0.9030793073657232,-0.9023657790268516,-0.9029300306570466,-0.9036939610647547,-0.9032122935671838,-0.9019796208125023,-0.902265497422718,-0.9028483227378125,-0.9019120460382998,-0.9020122000376332,-0.9023176644585632,-0.9028583748276134,-0.9029317844687766,-0.9035640060471302,-0.9036787737293541,-0.90442053398058,-0.9044292558137128,-0.9051296479253036,-0.9039775566559369,-0.9038529814301404,-0.9031229789649796,-0.90225036136129,-0.9027913813453851,-0.9023639232292162,-0.9026229300813551,-0.9025176658504027,-0.9014804952991037,-0.9020762926052465,-0.9023730319298208,-0.9030467970753264,-0.9031912488702217,-0.9034046504554412,-0.9036214808320947,-0.9031310823039131,-0.9031485221872178,-0.9025430556797319,-0.9032052656274598,-0.904466068510713,-0.9034064392865484,-0.9018470321713029,-0.9026004680699447,-0.9012721681533632,-0.9005739859640419,-0.9003590495917323,-0.9006448910680537,-0.9019710951547736,-0.9031294230351726,-0.9036429214462968,-0.9038815361332911,-0.90350792492647,-0.9028521964223645,-0.9032977171309142,-0.9040161192482148,-0.9035746461085085,-0.90339010626026,-0.9027156079542946,-0.9027138058982168,-0.90103934150497,0.0,0.0,0.0,0.0,0.0,0.0,0.0
0.0,0.0,0.0,0.0,0.0,0.0,0.0,0.0,-0.9028394018785549,-0.9029681940621173,-0.9018727613762825,-0.9028004658770442,-0.9030487920404418,-0.9032776892789643,-0.902865838573906,-0.9028296208862309,-0.9034515081561946,-0.9035099202707915,-0.9037825104484158,-0.9040641986288814,-0.9023128318328563,-0.9027301480593484,-0.902980379804868,-0.9023513933956508,-0.9033937229076242,-0.9031765748982848,-0.9030405451862565,-0.9014410193600462,-0.901673278555501,-0.9028069012782237,-0.9020194892257841,-0.9019005477291813,-0.9017777567662255,-0.902329604377507,-0.9033227087504004,-0.9042191443807994,-0.9053570574240611,-0.9049412208512473,-0.9044210546214787,-0.9044886721022474,-0.9037634428849761,-0.9036630779781221,-0.9018193859585472,-0.9014915630250157,-0.9020064124863345,-0.90106370403923,-0.9015099710703872,-0.9026500353569034,-0.9022787747845877,-0.902551843276674,-0.9028360769588941,-0.9031266932175677,-0.9031722075846566,-0.9030463871607141,-0.9032051022783194,-0.9028698572697392,-0.9037720326510097,-0.9039599179040112,-0.9032643657964259,-0.9026897284363798,-0.9021637113704903,-0.902399133611749,-0.9012447043032822,-0.9015171762591946,-0.9013541370486838,-0.9020782040119137,-0.9023432378423717,-0.9028059754820009,-0.9045031330073731,-0.9042421424566472,-0.903420790368576,-0.9036441758245486,-0.9035679116867578,-0.9029970064706186,-0.9028887700665791,-0.9033715069318354,-0.902485274468628,-0.9018867148269237,-0.900374705183126,0.0,0.0,0.0,0.0,0.0,0.0,0.0
0.0,0.0,0.0,0.0,0.0,0.0,0.0,0.0,-0.9030595584601319,-0.9039082043854354,-0.9037240004960978,-0.9036663477522798,-0.9038238459078035,-0.9037645354709566,-0.9033211235668515,-0.9028419628730386,-0.9032531325829026,-0.9028445765327925,-0.9034288457247761,-0.9044250171087921,-0.9037523133986824,-0.9028199878093797,-0.9020711646279669,-0.9029060733621042,-0.903302569067176,-0.9031330389215827,-0.9023612860621584,-0.901648469277692,-0.9015821825277257,-0.9013180705766538,-0.9015608718989276,-0.9006151141726717,-0.9016665701638505,-0.9015408126301596,-0.9024100736375402,-0.9043341170505671,-0.9037645815284344,-0.9042622711505163,-0.9041516396596634,-0.9044400228293793,-0.9028735797476649,-0.9018038935747795,-0.9017805128915731,-0.9018786022879056,-0.9010310636717872,-0.9013146574982934,-0.9005542145817655,-0.9010709492538558,-0.9031182096429664,-0.9030469482419486,-0.901799136974437,-0.9039115099647649,-0.9028767139119863,-0.9025013548793168,-0.9027288392103994,-0.9031519173089116,-0.9037803458058736,-0.903360677312683,-0.9023705114594546,-0.90170123439885,-0.901003007396634,-0.9022622058282601,-0.9024320659575414,-0.9014050374421689,-0.9025219530222846,-0.9022559052297869,-0.9023017590943688,-0.902053947734898,-0.9029579105224269,-0.903662630227909,-0.9036577016895228,-0.9039745158449688,-0.9032662998116007,-0.9033344562330082,-0.9033225327366196,-0.9034929543541732,-0.9026283797292142,-0.9008607905032193,-0.9022954731310742,0.0,0.0,0.0,0.0,0.0,0.0,0.0
0.0,0.0,0.0,0.0,0.0,0.0,0.0,0.0,-0.9038610722604176,-0.9046074650803622,-0.9039519903466898,-0.9040013891281258,-0.9032039529262681,-0.9045143299510263,-0.9037477061886322,-0.9033054225678391,-0.9031471773436677,-0.9031533977187901,-0.9038370954243136,-0.9033727459408676,-0.9032867898038366,-0.9018423517715738,-0.9029060415590464,-0.9028817316760734,-0.9025882815148555,-0.9028057149947052,-0.9028641910870759,-0.9027116618290204,-0.9021434744576111,-0.9012906072741401,-0.9023281636356746,-0.9022112639664697,-0.9022832657684788,-0.9021190751039957,-0.9032541614097687,-0.9032653232304523,-0.902921011403078,-0.9022151624495948,-0.9023612329152816,-0.9029628948364032,-0.901783040300183,-0.9011181542455162,-0.901252232931184,-0.9011764793268704,-0.9005082867353081,-0.9009764081931958,-0.9011007919091699,-0.9014723703586379,-0.9020975492359488,-0.9020171608790991,-0.9027053924536529,-0.90315040666258,-0.902865096122414,-0.902059785326856,-0.9018210130960786,-0.902102429475532,-0.9036115140422036,-0.9026901575154569,-0.9026712061071792,-0.9032084973865049,-0.9023560623939498,-0.9015404357183493,-0.9011525199921707,-0.9008005314806237,-0.9014225337666352,-0.9026937125790793,-0.9019678856882911,-0.9020311922281824,-0.9033202054650523,-0.9028747877702781,-0.9029987145373591,-0.9032170609828728,-0.9044073666856433,-0.9033464491024282,-0.9028358457316327,-0.9030764084900109,-0.9022813635587763,-0.9006902935973421,-0.9007932517006121,0.0,0.0,0.0,0.0,0.0,0.0,0.0
0.0,0.0,0.0,0.0,0.0,0.0,0.0,0.0,-0.9020401784821347,-0.9029286560277512,-0.9031858434506205,-0.9030315490933662,-0.9026108748308352,-0.903264936352767,-0.902409646478261,-0.9031510394771007,-0.9036044574892078,-0.903844500108384,-0.903939723918949,-0.903676764225782,-0.9029109187725322,-0.902979346360378,-0.9025724009827749,-0.9028458124773567,-0.9033643204124603,-0.9024493690874822,-0.9018224586346635,-0.9030526848296965,-0.903068454509979,-0.9029872766939557,-0.9009053981371263,-0.9006676711597535,-0.901808229872381,-0.9017483279738768,-0.9026794023010559,-0.9016795812262833,-0.903061923520434,-0.901474074718812,-0.9016806303353483,-0.9019678854254237,-0.9014212777924451,-0.9006379902016306,-0.8997215850302809,-0.8991825748072639,-0.9003416168433656,-0.9015917883115394,-0.9016817991748772,-0.9014278177297119,-0.9017146473494165,-0.9016023591857579,-0.9023123358879641,-0.9030257951846166,-0.9024608871525605,-0.9021679878413101,-0.9017020568135243,-0.9024498001439066,-0.903452399390415,-0.9032427094002636,-0.9024671902165805,-0.9023340070397143,-0.9020287288392803,-0.9020106732953244,-0.9025111718931338,-0.9022298653592385,-0.902074319156237,-0.8999834184356847,-0.8998028319461722,-0.9000447391216008,-0.9025886899079599,-0.9031655371924012,-0.903586096502267,-0.9032724096265409,-0.9042158824402328,-0.9043733537063716,-0.9031412981291048,-0.9029261239895827,-0.9021107631349774,-0.9009694534644137,-0.8999050617323204,0.0,0.0,0.0,0.0,0.0,0.0,0.0
0.0,0.0,0.0,0.0,0.0,0.0,0.0,0.0,-0.9014992517087318,-0.9028517287578915,-0.902759843684296,-0.9025085509363305,-0.9034639993709411,-0.904615856252924,-0.9048096516956712,-0.9049745969798833,-0.9047736117937608,-0.9041242014787165,-0.9037198290961217,-0.9032770248476996,-0.9023366022628764,-0.9024528884426661,-0.9029673714551081,-0.9033801517686307,-0.9037202006317329,-0.9026331689729231,-0.9022137195973184,-0.901970379766937,-0.9018433330952211,-0.9027433861885867,-0.9033223958411554,-0.9032878130178404,-0.9023016950685587,-0.9017069785407832,-0.9014392867621438,-0.9014474869788932,-0.901432404063729,-0.900844682231452,-0.9004943679186257,-0.9003533907899367,-0.9004215586244709,-0.9008614181218859,-0.8993211848570135,-0.899530789916765,-0.9008024896511098,-0.9016103514527343,-0.9010191058411909,-0.9018772465924602,-0.9016432197269854,-0.9016974692549655,-0.902562488475408,-0.9025037182523366,-0.9028604613297626,-0.9025063752065493,-0.9018577105982899,-0.9021141978584943,-0.9031642647798834,-0.9033158361725885,-0.903043314557945,-0.9029885305097944,-0.9036402659139331,-0.9039404317943106,-0.9024912783299707,-0.9022014208767971,-0.902842984426199,-0.9021809007286065,-0.9005955859807444,-0.900253534177276,-0.9016696894449577,-0.9019979992111296,-0.9035754471988008,-0.9028987899464108,-0.9045560990722696,-0.9043217596901129,-0.9031140361034101,-0.9035735115203276,-0.9031598587460229,-0.9025735007060552,-0.90191490640531,0.0,0.0,0.0,0.0,0.0,0.0,0.0
0.0,0.0,0.0,0.0,0.0,0.0,0.0,0.0,-0.9045499648686043,-0.9058690970558008,-0.9051500308287327,-0.9045291784732243,-0.9041740105831184,-0.905458336434711,-0.9047638180201628,-0.9053103031022184,-0.9048657041434222,-0.9039721186831763,-0.9032937327868084,-0.9034109789605222,-0.9030546366474098,-0.9025130451406722,-0.90313314242968,-0.9025503864989715,-0.9034124121032852,-0.9025274942718965,-0.9020705324410524,-0.9023557482402076,-0.9027726337592769,-0.9025346046847673,-0.9027996715091232,-0.9025260476724828,-0.9017757490547036,-0.9019647960556602,-0.9017670875636948,-0.9018152961919763,-0.9017504483315633,-0.9008336625490887,-0.9002277081380128,-0.9000449172331996,-0.900113820576388,-0.8994938238440816,-0.8988765387127601,-0.9003703928855539,-0.9010613976978346,-0.9001376988537436,-0.9007675179136879,-0.9007890559196583,-0.9016848167723494,-0.9025814103866289,-0.9026583176582706,-0.9023630485663253,-0.9026287090321194,-0.9016301047987011,-0.9018688156506688,-0.9023733318054702,-0.9032220875586362,-0.9036338278689225,-0.90303492085555,-0.9031237278471664,-0.9020979437456752,-0.9024908316032751,-0.9025041973390215,-0.9025976725002657,-0.9035884784117809,-0.9024567108292632,-0.9021253504471786,-0.9018719521144296,-0.9023888405945335,-0.903414959319361,-0.9026443622395203,-0.9030339407555763,-0.9036818108447364,-0.9028077320478985,-0.9034978808674805,-0.9038130094136432,-0.9039150516410165,-0.9041059917122484,-0.9042330796846153,0.0,0.0,0.0,0.0,0.0,0.0,0.0
0.0,0.0,0.0,0.0,0.0,0.0,0.0,0.0,-0.9038922104630659,-0.9052252718541383,-0.9052733689941169,-0.9047366245844422,-0.9043072866461233,-0.9039527667821643,-0.9048162980074834,-0.9051490505647158,-0.9054869633152015,-0.9041828680603649,-0.9026150158816348,-0.903847693519057,-0.9038663369549452,-0.90347098554584,-0.9036440337557804,-0.9026629654016314,-0.9030017059842269,-0.9029791028717242,-0.9026312199700416,-0.9030217661317665,-0.9037937308819542,-0.9034440370243939,-0.9035105249792132,-0.9026986050903253,-0.9020899500207228,-0.9028185153773256,-0.9024253660286922,-0.9026177827536952,-0.9019161173126762,-0.8998385752981944,-0.8987119754952462,-0.8986920041266782,-0.8987221788460747,-0.8996462509906387,-0.9000830040278436,-0.9008894597757688,-0.9016245165865059,-0.9011753133295669,-0.900826000492495,-0.9005514697765546,-0.9011544282961392,-0.901004058144251,-0.9022964369756978,-0.9017917684040009,-0.9013864579562487,-0.9005140718798665,-0.901028850694172,-0.9017699757238226,-0.9019844690743006,-0.9026763816119202,-0.9027080695048993,-0.9022127294083063,-0.9027407283657393,-0.9025472460584391,-0.9021958026037386,-0.9026334894508348,-0.9028987375892549,-0.9023664780553626,-0.903310930539955,-0.9027209392592707,-0.9027340273209585,-0.9041487788611409,-0.9027246876435403,-0.9029739597208746,-0.9036811591871075,-0.9046883804542271,-0.9042311671115744,-0.9044333842168719,-0.90468804405603,-0.9041491252838203,-0.9048879658774285,0.0,0.0,0.0,0.0,0.0,0.0,0.0
0.0,0.0,0.0,0.0,0.0,0.0,0.0,0.0,-0.9047936383286613,-0.9059484192602361,-0.9051556249040095,-0.9042395714682658,-0.9036765541867915,-0.9039674726820425,-0.9052926430262729,-0.9045850541380898,-0.9043257786341203,-0.9029953186307098,-0.9026247145805505,-0.9031885187248108,-0.9030959911460448,-0.9042548799078064,-0.9040601265013538,-0.9043324749496346,-0.9044896527331256,-0.9031303147554326,-0.9032876686486764,-0.9047360172783409,-0.9043750309836965,-0.905290989270977,-0.9042785866763724,-0.9033522561521821,-0.90308712268784,-0.9026295680737304,-0.9042113523530537,-0.9035095510265242,-0.9025017229611711,-0.9006554367151752,-0.9001283902541679,-0.8992275975392352,-0.8992353023252727,-0.8993056659562573,-0.8997291064564019,-0.8994381812473188,-0.9007962787998228,-0.9018188243867342,-0.9014449861737863,-0.9005875494651583,-0.9014319706144298,-0.9012877599836566,-0.9011718228294168,-0.902908348717102,-0.9017921209913718,-0.9005243166717167,-0.9011829419188219,-0.9011116849588346,-0.901421136409225,-0.9017870105020981,-0.901984818717322,-0.9025738977758908,-0.9033204530935945,-0.902909339961911,-0.9022453645229006,-0.9022594795659775,-0.9028647690488946,-0.9033588919162059,-0.904472887329013,-0.9048178061265431,-0.9033973286610434,-0.902292557111067,-0.9026139162427765,-0.9034224176615869,-0.9025489067529289,-0.9028063269674446,-0.9035773173467164,-0.9039985483086069,-0.9041332312414629,-0.9038145320662885,-0.9040749302871115,0.0,0.0,0.0,0.0,0.0,0.0,0.0
0.0,0.0,0.0,0.0,0.0,0.0,0.0,0.0,-0.9032964415900346,-0.9046405061900531,-0.9044501875793919,-0.9039240611750138,-0.9032451283692029,-0.9038993478561649,-0.9042330703738021,-0.9030324026397124,-0.9037734806962656,-0.9021146655016079,-0.9027804610507661,-0.9041320858551868,-0.9041946954246699,-0.904368881710929,-0.9041382490736446,-0.9033104229820381,-0.9028822454003791,-0.9029773411373669,-0.9037705270150876,-0.9046213485358527,-0.9052907811939715,-0.9057150293663114,-0.9045907230623095,-0.9034526984389916,-0.9033873886737015,-0.9042832803062316,-0.9041427487729434,-0.9032278832778542,-0.9020769514587094,-0.9014975273257374,-0.9000187210764797,-0.9005833646266029,-0.8993577288080252,-0.8996218484729251,-0.9004675468740644,-0.9014779759660335,-0.900636154916621,-0.9019308922699465,-0.9018029253681364,-0.9018462224641728,-0.9012846355959439,-0.9014006673936032,-0.9022550926034173,-0.9030798693358321,-0.9014560828239669,-0.901534168267735,-0.9010242787735249,-0.9001989578937218,-0.9006995574041136,-0.9008572765068298,-0.9021270218549978,-0.9021651217769011,-0.9030879246508432,-0.9033318367347997,-0.9031453219314525,-0.9033828170736076,-0.9042197255701839,-0.903883920837871,-0.9047150422064065,-0.9044198311941559,-0.9035659215881885,-0.9021466428858488,-0.9020246828532664,-0.9018253401642834,-0.9019418456094024,-0.9030905379478114,-0.9033958651036983,-0.9032784834306719,-0.9029875877367461,-0.9029654156844774,-0.9037074765528499,0.0,0.0,0.0,0.0,0.0,0.0,0.0
0.0,0.0,0.0,0.0,0.0,0.0,0.0,0.0,-0.9031762912518502,-0.9042620502060296,-0.9042535381491585,-0.9031759516561683,-0.9040213086900613,-0.9040192588792134,-0.9045988595677468,-0.9037747271303421,-0.9034882842101905,-0.9027049986036438,-0.9035641548161266,-0.9038078420173181,-0.904625204641524,-0.9036009125194204,-0.9035549273038578,-0.904387653488837,-0.9042890826848846,-0.9030481810219575,-0.9038442434127328,-0.9050641721787426,-0.9052928287170676,-0.9053098230364174,-0.9051818114176142,-0.9044015409250721,-0.9043862364301023,-0.9036328526331191,-0.9040484198714084,-0.9035013301742277,-0.902802982800036,-0.9009003321505193,-0.9001013205097225,-0.9005325719755284,-0.9010708852036393,-0.9015460433408138,-0.9016343828114929,-0.9023117228820102,-0.9022662794159845,-0.9020408951646571,-0.903164493212871,-0.9027503138320252,-0.9022828244408808,-0.9015566227126133,-0.9015784680261998,-0.901062834926118,-0.8998571714060515,-0.9000543796534756,-0.9005245339244771,-0.9003916638483346,-0.9011341230589048,-0.901247757113453,-0.9023581805620982,-0.9033079636380709,-0.9034350629442258,-0.903001424856731,-0.9036658035121511,-0.902651619744464,-0.9031377636119221,-0.9033430518009941,-0.901988218205297,-0.9022645439896932,-0.9015128077403753,-0.9016556484208211,-0.9017039878224908,-0.9011745614255293,-0.9014508581268144,-0.9020272689223929,-0.9027761899080936,-0.9032458473658675,-0.9035141497098528,-0.904206395335606,-0.90529973398452,0.0,0.0,0.0,0.0,0.0,0.0,0.0
0.0,0.0,0.0,0.0,0.0,0.0,0.0,0.0,-0.9029847679756121,-0.9038536748771187,-0.903567058136463,-0.9034298740091369,-0.9037357367532624,-0.903575902212866,-0.904046336418447,-0.9038295619616328,-0.9035682876827891,-0.9036929140255011,-0.9033862632934192,-0.9037633893251554,-0.9042857934232226,-0.9038810870751819,-0.9041246768679204,-0.9040006734278989,-0.9034353069901137,-0.9029426682724289,-0.9045344363422839,-0.9050171261911567,-0.9060290736427458,-0.9059083787115182,-0.9054381693755165,-0.9054244768050626,-0.9055776019860867,-0.9047133596376205,-0.9046578885961909,-0.9043276602853814,-0.9033632227749407,-0.9014684169963101,-0.9007677397433084,-0.901036384700721,-0.9018877498036033,-0.9015419061297691,-0.9022118877754739,-0.9031857551420021,-0.9021943738739264,-0.9021091571545274,-0.9032486343391714,-0.9022652559678354,-0.9017044612924908,-0.9013201062826759,-0.900924367655348,-0.9004132230566027,-0.8997668721723979,-0.9002079480901195,-0.901073105371133,-0.9018870392018352,-0.9012283548118706,-0.9012931235598702,-0.9017589602916575,-0.9020753149021197,-0.9023925300776384,-0.90192812607229,-0.9028749849522102,-0.9021794637459927,-0.9026828082195733,-0.9014214611791183,-0.9032361003648225,-0.9037882313326219,-0.9018802447246493,-0.9024047438535233,-0.9027362105362572,-0.9027148188984785,-0.902419898828873,-0.9025596879123162,-0.902923052438585,-0.9027533804460796,-0.9027139947180075,-0.9033749971103023,-0.9040921945843922,0.0,0.0,0.0,0.0,0.0,0.0,0.0
0.0,0.0,0.0,0.0,0.0,0.0,0.0,0.0,-0.9043855565704318,-0.904166968375944,-0.9035824820851046,-0.9028395445275992,-0.9032263767324182,-0.9037336725572691,-0.9039756935160418,-0.9038471254895691,-0.903656784026451,-0.9041563517770016,-0.9045259944013592,-0.9039952577889975,-0.9045783455459977,-0.9056945692491971,-0.9048517328069565,-0.9035406809425087,-0.9041712728911894,-0.9045700380479665,-0.9043651038917907,-0.9049333460930715,-0.9058478450750592,-0.9062147106274038,-0.9057096393886751,-0.905118121624672,-0.9063411198889515,-0.905978655559344,-0.905369537146842,-0.9042338810359422,-0.9036925252599584,-0.9022741706909898,-0.901238217809995,-0.9015913347585619,-0.9023604133773425,-0.9027917137920611,-0.903051973950396,-0.9030221115383639,-0.9044377103148148,-0.9042816270200298,-0.9032074293030602,-0.9027135350720102,-0.9019993339624225,-0.9011445901692405,-0.9007748000764517,-0.8995767202171786,-0.8994868100110076,-0.8997560670040919,-0.9004493580293716,-0.9013493700858197,-0.9011861052732046,-0.9013849244937787,-0.9008602789521125,-0.9013710924686154,-0.9017649431678408,-0.9029603038094863,-0.9031021887727794,-0.902299654840093,-0.9016817290090996,-0.9029217712465779,-0.9038474387387654,-0.903588697717264,-0.9036317308849774,-0.9024340584417895,-0.9027659700190421,-0.9031587955559847,-0.9027563566886778,-0.9035558431965598,-0.9029345095248463,-0.9032365418459063,-0.903273588856733,-0.9044248448656725,-0.9054134198934002,0.0,0.0,0.0,0.0,0.0,0.0,0.0
0.0,0.0,0.0,0.0,0.0,0.0,0.0,0.0,-0.9034865214480755,-0.902754518531429,-0.902537485463789,-0.9024000438238589,-0.9032074028767881,-0.9036983955886239,-0.9036447771221143,-0.9039959570085807,-0.9031870113473405,-0.9045465155926699,-0.9053741438687974,-0.9051583471345491,-0.904366296065141,-0.9064444359022467,-0.9041283217116055,-0.9039398910293308,-0.9053930672727449,-0.9045316820191521,-0.9042396535835663,-0.9047198535106018,-0.9057709595202467,-0.9063654471521382,-0.9064875863937293,-0.9057938722039467,-0.9061988602345362,-0.9065638322839313,-0.9051839676726038,-0.9047813510658663,-0.9043823976104703,-0.9027483368350062,-0.9017708811149192,-0.9023455046674062,-0.9032325662069154,-0.9037721235219238,-0.9027400131605339,-0.9034498414200094,-0.9044467303837354,-0.9037703813135419,-0.9036814338080449,-0.9030863877729273,-0.9020465970864423,-0.9000332345920745,-0.8998079302586893,-0.899362446134615,-0.898555375297173,-0.8990983288222194,-0.9004828172724911,-0.9003803299720908,-0.9002292637641278,-0.9000830444899272,-0.8996834121305671,-0.9001648255444638,-0.9004753359838236,-0.9013150585977077,-0.9024182356360555,-0.9023459308289516,-0.9020330648820901,-0.9030375477469477,-0.9035657428309897,-0.9042492693064607,-0.9032751764625955,-0.9038740825292948,-0.902655088584687,-0.9029733614971904,-0.9027906947039056,-0.9028761313911111,-0.9023933785691918,-0.9022978301120969,-0.9030533666660414,-0.9038791790697446,-0.9065873360355279,0.0,0.0,0.0,0.0,0.0,0.0,0.0
0.0,0.0,0.0,0.0,0.0,0.0,0.0,0.0,-0.9029013193858281,-0.9028467451225908,-0.9022813502757568,-0.9028449468039014,-0.9038487841101753,-0.9037102792047667,-0.9038713092528128,-0.9045831912744403,-0.9035129334708226,-0.9054272137849634,-0.9058590564329786,-0.9058560131608135,-0.9059940023233265,-0.9058793786660824,-0.9046149866393721,-0.9040796263343086,-0.9040571811035576,-0.9042495908996592,-0.9043278700784259,-0.9038165898951844,-0.9058016564457863,-0.9066145185026907,-0.9058558304552098,-0.9049215936524477,-0.9062737813276998,-0.9062551591838891,-0.905400363395279,-0.9055552752516928,-0.9046274411605357,-0.903290304585272,-0.9027454462311028,-0.9026529356819825,-0.9032034931291161,-0.9030347607707305,-0.9032510923410065,-0.9045334604984729,-0.9044871790258767,-0.9043619947673529,-0.9042800195032097,-0.9033198569216372,-0.9027199448257106,-0.90028778151148,-0.8991782834234697,-0.8994631117053044,-0.897639984804529,-0.8978158590171132,-0.898794023956402,-0.899381158654673,-0.8983050088976317,-0.8985810736360195,-0.898927390576569,-0.8993706422254237,-0.8996331185916305,-0.9008336005329941,-0.9002783427584942,-0.9014450308840499,-0.9009911216249562,-0.9015025408953363,-0.903886023321732,-0.9037883518197063,-0.9031538877309702,-0.9031718086547135,-0.9022653460998671,-0.901897462081458,-0.9022089526149958,-0.9025035932241305,-0.9024837222113367,-0.9018388884325835,-0.9020458715592168,-0.9041524611544832,-0.905259107183866,0.0,0.0,0.0,0.0,0.0,0.0,0.0
0.0,0.0,0.0,0.0,0.0,0.0,0.0,0.0,-0.9029084376496179,-0.9025831147216524,-0.9024451903309776,-0.9032080366949662,-0.9043165639332298,-0.9049997635352155,-0.905243127295966,-0.9047823656368291,-0.9047771111139018,-0.9056186203503288,-0.906418139199833,-0.9064807139291983,-0.9059895968942234,-0.9061403165842157,-0.9053151363336318,-0.9047157815329353,-0.9038302655048953,-0.9045760193529996,-0.9034662722135689,-0.9032282683694518,-0.9059133423778495,-0.9066455458682002,-0.9063940674105122,-0.9045145870505096,-0.9058985719854049,-0.905849143029688,-0.9049896673000362,-0.9058624113377702,-0.9051144453713487,-0.9034922403205286,-0.9032609902368143,-0.9024587812989064,-0.9028669570980578,-0.9025156786840891,-0.9038055921284046,-0.905325901984081,-0.904775408448668,-0.9050146633913861,-0.9043625075188433,-0.9030142787892607,-0.9020302508939567,-0.8993439800441677,-0.8979046067071303,-0.8985626334584316,-0.8968598081028035,-0.8971017170727487,-0.8982694765917831,-0.8982646716337305,-0.8977698542365501,-0.8975692513027689,-0.8986196392586894,-0.8998400178451534,-0.9004734022040669,-0.900485008038911,-0.8990943471469348,-0.8997612292273192,-0.8982753925613329,-0.899095038743229,-0.9027838808681602,-0.9014917714794598,-0.9020208117969732,-0.9025085721770841,-0.9014819348088124,-0.9011792822799615,-0.9024356800436328,-0.902426759162418,-0.9017508860304904,-0.9010411403520253,-0.9019255263398515,-0.902854098362581,-0.9052162699257158,0.0,0.0,0.0,0.0,0.0,0.0,0.0
0.0,0.0,0.0,0.0,0.0,0.0,0.0,0.0,0.0,0.0,0.0,0.0,0.0,0.0,0.0,0.0,0.0,0.0,0.0,0.0,0.0,0.0,0.0,0.0,0.0,0.0,0.0,0.0,0.0,0.0,0.0,0.0,0.0,0.0,0.0,0.0,0.0,0.0,0.0,0.0,0.0,0.0,0.0,0.0,0.0,0.0,0.0,0.0,0.0,0.0,0.0,0.0,0.0,0.0,0.0,0.0,0.0,0.0,0.0,0.0,0.0,0.0,0.0,0.0,0.0,0.0,0.0,0.0,0.0,0.0,0.0,0.0,0.0,0.0,0.0,0.0,0.0,0.0,0.0,0.0,0.0,0.0,0.0,0.0,0.0,0.0
0.0,0.0,0.0,0.0,0.0,0.0,0.0,0.0,0.0,0.0,0.0,0.0,0.0,0.0,0.0,0.0,0.0,0.0,0.0,0.0,0.0,0.0,0.0,0.0,0.0,0.0,0.0,0.0,0.0,0.0,0.0,0.0,0.0,0.0,0.0,0.0,0.0,0.0,0.0,0.0,0.0,0.0,0.0,0.0,0.0,0.0,0.0,0.0,0.0,0.0,0.0,0.0,0.0,0.0,0.0,0.0,0.0,0.0,0.0,0.0,0.0,0.0,0.0,0.0,0.0,0.0,0.0,0.0,0.0,0.0,0.0,0.0,0.0,0.0,0.0,0.0,0.0,0.0,0.0,0.0,0.0,0.0,0.0,0.0,0.0,0.0
0.0,0.0,0.0,0.0,0.0,0.0,0.0,0.0,0.0,0.0,0.0,0.0,0.0,0.0,0.0,0.0,0.0,0.0,0.0,0.0,0.0,0.0,0.0,0.0,0.0,0.0,0.0,0.0,0.0,0.0,0.0,0.0,0.0,0.0,0.0,0.0,0.0,0.0,0.0,0.0,0.0,0.0,0.0,0.0,0.0,0.0,0.0,0.0,0.0,0.0,0.0,0.0,0.0,0.0,0.0,0.0,0.0,0.0,0.0,0.0,0.0,0.0,0.0,0.0,0.0,0.0,0.0,0.0,0.0,0.0,0.0,0.0,0.0,0.0,0.0,0.0,0.0,0.0,0.0,0.0,0.0,0.0,0.0,0.0,0.0,0.0
0.0,0.0,0.0,0.0,0.0,0.0,0.0,0.0,0.0,0.0,0.0,0.0,0.0,0.0,0.0,0.0,0.0,0.0,0.0,0.0,0.0,0.0,0.0,0.0,0.0,0.0,0.0,0.0,0.0,0.0,0.0,0.0,0.0,0.0,0.0,0.0,0.0,0.0,0.0,0.0,0.0,0.0,0.0,0.0,0.0,0.0,0.0,0.0,0.0,0.0,0.0,0.0,0.0,0.0,0.0,0.0,0.0,0.0,0.0,0.0,0.0,0.0,0.0,0.0,0.0,0.0,0.0,0.0,0.0,0.0,0.0,0.0,0.0,0.0,0.0,0.0,0.0,0.0,0.0,0.0,0.0,0.0,0.0,0.0,0.0,0.0
0.0,0.0,0.0,0.0,0.0,0.0,0.0,0.0,0.0,0.0,0.0,0.0,0.0,0.0,0.0,0.0,0.0,0.0,0.0,0.0,0.0,0.0,0.0,0.0,0.0,0.0,0.0,0.0,0.0,0.0,0.0,0.0,0.0,0.0,0.0,0.0,0.0,0.0,0.0,0.0,0.0,0.0,0.0,0.0,0.0,0.0,0.0,0.0,0.0,0.0,0.0,0.0,0.0,0.0,0.0,0.0,0.0,0.0,0.0,0.0,0.0,0.0,0.0,0.0,0.0,0.0,0.0,0.0,0.0,0.0,0.0,0.0,0.0,0.0,0.0,0.0,0.0,0.0,0.0,0.0,0.0,0.0,0.0,0.0,0.0,0.0
0.0,0.0,0.0,0.0,0.0,0.0,0.0,0.0,0.0,0.0,0.0,0.0,0.0,0.0,0.0,0.0,0.0,0.0,0.0,0.0,0.0,0.0,0.0,0.0,0.0,0.0,0.0,0.0,0.0,0.0,0.0,0.0,0.0,0.0,0.0,0.0,0.0,0.0,0.0,0.0,0.0,0.0,0.0,0.0,0.0,0.0,0.0,0.0,0.0,0.0,0.0,0.0,0.0,0.0,0.0,0.0,0.0,0.0,0.0,0.0,0.0,0.0,0.0,0.0,0.0,0.0,0.0,0.0,0.0,0.0,0.0,0.0,0.0,0.0,0.0,0.0,0.0,0.0,0.0,0.0,0.0,0.0,0.0,0.0,0.0,0.0
0.0,0.0,0.0,0.0,0.0,0.0,0.0,0.0,0.0,0.0,0.0,0.0,0.0,0.0,0.0,0.0,0.0,0.0,0.0,0.0,0.0,0.0,0.0,0.0,0.0,0.0,0.0,0.0,0.0,0.0,0.0,0.0,0.0,0.0,0.0,0.0,0.0,0.0,0.0,0.0,0.0,0.0,0.0,0.0,0.0,0.0,0.0,0.0,0.0,0.0,0.0,0.0,0.0,0.0,0.0,0.0,0.0,0.0,0.0,0.0,0.0,0.0,0.0,0.0,0.0,0.0,0.0,0.0,0.0,0.0,0.0,0.0,0.0,0.0,0.0,0.0,0.0,0.0,0.0,0.0,0.0,0.0,0.0,0.0,0.0,0.0
0.0,0.0,0.0,0.0,0.0,0.0,0.0,0.0,0.0,0.0,0.0,0.0,0.0,0.0,0.0,0.0,0.0,0.0,0.0,0.0,0.0,0.0,0.0,0.0,0.0,0.0,0.0,0.0,0.0,0.0,0.0,0.0,0.0,0.0,0.0,0.0,0.0,0.0,0.0,0.0,0.0,0.0,0.0,0.0,0.0,0.0,0.0,0.0,0.0,0.0,0.0,0.0,0.0,0.0,0.0,0.0,0.0,0.0,0.0,0.0,0.0,0.0,0.0,0.0,0.0,0.0,0.0,0.0,0.0,0.0,0.0,0.0,0.0,0.0,0.0,0.0,0.0,0.0,0.0,0.0,0.0,0.0,0.0,0.0,0.0,0.0
